healthCode,max_x.max_freeze_index,max_z.max_freeze_index,max_y.max_freeze_index,max_x.freeze_occurences,mean_x.max_freeze_index,max_z.freeze_occurences,mean_y.max_freeze_index,max_y.freeze_occurences,max_AA.freeze_occurences,max_AA.max_freeze_index,mean_z.max_freeze_index,max_x.no_of_steps,max_fc.no_of_steps,max_AA.log_frequency_of_peaks,max_z.log_frequency_of_peaks,max_y.log_frequency_of_peaks,max_y.no_of_steps,max_x.log_frequency_of_peaks,max_z.no_of_steps,max_z.gait_symmetry,max_AA.gait_symmetry,max_x.gait_symmetry,max_AA.speed_of_gait,max_x.speed_of_gait,max_fc.speed_of_gait,max_y.gait_symmetry,max_z.speed_of_gait,max_AA.gait_step_regularity,max_y.speed_of_gait,max_AA.no_of_steps,mean_AA.max_freeze_index,max_x.gait_step_regularity,max_z.gait_step_regularity,max_y.gait_step_regularity,PD
0160664a-f4af-4071-a4aa-2967f3ea0503,68.85548400878906,137.02955627441406,57.29069519042969,39.0,8.076214042993692,47.0,7.380293641717006,34.0,30.0,35.2563362121582,11.46262873059664,21.0,30.033314835362415,11.490848139416029,8.523610268946193,9.151557025925971,20.0,8.034115267199255,21.0,0.4173336494075384,0.24864540027220544,0.17136906519944806,0.5313952431034282,0.5944270329793074,0.7738803491409585,0.21573912555507346,0.3250810709468411,1.0,0.5376595178498721,11.0,3.4518835571331854,0.9702283510494548,1.0,0.957758315499322,1
02baa3a2-fb40-4a86-94b4-0411125179f1,6.0567827224731445,11.889381408691404,11.28926944732666,28.0,2.709206837273779,14.0,1.864611138900121,8.0,19.0,33.53854751586914,1.3562668746425992,27.0,42.36744032862972,8.432153558087292,12.039178676855586,10.478023827057068,29.0,6.859111400986923,24.0,0.16769143590750013,0.25004965986807665,0.18100792885571715,0.4404214036688293,0.6029360406566873,0.750792417038832,0.2432375434573685,0.2929187278408878,0.9210474174514396,0.5422301259948485,17.0,3.6382898844423748,0.9868980125416736,0.9503229884187624,0.9652459452512436,0
036c4104-b14c-4352-82da-7148a2e8f449,20.85129737854004,12.458186149597168,49.38376998901367,36.0,4.478431869227931,28.0,4.313271416808075,39.0,28.0,11.963139533996582,1.6925511762218655,27.0,42.02380277890139,9.498658938176956,8.922614279753793,10.479060108511709,33.0,8.745074557063145,25.0,0.43041056839285,0.26219089523799666,0.1879485564886373,0.3459248966546417,0.29895352103757084,0.5870280350884424,0.3116939673866371,0.3992396849146729,1.0,0.4324801262584809,27.0,2.561236763056719,1.0,0.9782088161048602,1.0,0
05c7ec40-2ea0-4714-910a-d818bd47e503,18.19801139831543,10.219160079956056,20.16856384277344,28.0,3.9136316498120625,16.0,3.8977004528045653,30.0,27.0,10.672313690185547,2.4821214358011883,19.0,30.23243291566195,9.08832015290408,7.077576329452225,10.524686029310459,20.0,8.67012240318831,24.0,0.2084845418173588,0.10575340467337313,0.2109850106555929,0.4865139279189319,0.4828751323052359,0.6939354565527901,0.28077164875893224,0.4268643301872123,1.0,0.4838090329347952,21.0,2.194666490952174,1.0,0.9328352095363686,1.0,0
080274a4-cddf-47b7-9b8e-679153859229,18.910783767700195,60.00287628173828,9.015580177307127,18.0,1.9138034146565657,40.0,2.2350512078175178,15.0,12.0,6.159563064575195,5.380193254122367,17.0,26.019223662515376,7.978339270632653,9.569904737092866,5.872355617935273,18.0,6.980873016608775,15.0,0.060069937969919884,0.09750091570487818,0.09951497957360568,0.20845827442186046,0.3176718347566655,0.4580207536381053,0.08088019121039214,0.18010682608862869,0.9823065184859152,0.3022440871217452,12.0,2.289784538058134,0.994486740703544,0.9892231496693152,1.0,0
09592ab5-605a-4df2-8fec-d21b63f542c7,8.81960391998291,5.264770984649658,10.973376274108887,20.0,2.833782797509974,24.0,3.392237893559716,5.0,10.0,2.9673423767089844,1.3424962027506395,15.0,36.71511950137164,6.476120344507544,11.133480786874353,9.070300230364847,26.0,8.261623434441452,24.0,0.14273645054708073,0.12650837096370782,0.12110043997848065,0.2791728068384239,0.2350436135137637,0.5078936797351669,0.2175794696756811,0.3445801062870704,0.9600769830057664,0.31348136678550226,21.0,1.8773204359141262,0.9703470276984908,0.9801670097859853,0.9774708057968728,0
0a623a36-ea3e-4557-9579-ae960c77f4d7,10.38903522491455,27.97849464416504,78.08150482177734,36.0,4.681512975692749,50.0,10.6933573782444,46.0,8.0,6.93845272064209,8.278488516807556,21.0,31.953090617340916,7.710706494038269,8.794516836496046,7.733122370280092,21.0,9.138429108987447,22.0,0.26306875534019425,0.21385276836473066,0.15383039594631231,0.30137019652267044,0.39666732640985897,0.5353901207464216,0.2126326406452138,0.28335461345691826,0.9714831160281472,0.3956581740407008,10.0,1.452539397776127,0.9623135888063858,0.9506788639832132,0.9417583587505759,0
0e8e18a7-c48d-44a0-9674-3d20fc6218c1,52.11106872558594,32.998363494873054,240.3015594482422,25.0,2.8236968626401255,28.0,5.027576080257339,32.0,21.0,12.261448860168455,3.1567360229258026,26.0,34.66987164671943,8.174028975809348,9.123994016469831,8.2952797475912,23.0,11.121033091909524,22.0,0.3318505388883404,0.20040692436338325,0.18159610283472527,0.3111435655383348,0.4088607741766177,0.6631830031136818,0.22680262419372,0.347857855993563,1.0,0.4564196508334261,21.0,2.417079385103924,1.0,1.0,1.0,1
0f5bca0c-0745-4a0d-af3a-e400fad16df2,36.53428649902344,29.36961936950684,92.7096939086914,39.0,7.022849264740944,32.0,6.919719317555428,27.0,18.0,5.482680797576903,3.72044373601675,21.0,36.40054944640259,7.517951191967196,8.763954886787163,7.078757238828618,21.0,9.529082335925615,23.0,0.1788689336857927,0.16421950433730434,0.20256853268988195,0.20142883328879305,0.27253987618160264,0.4633575627909828,0.21271197836147804,0.2758526940474418,0.9227406344789634,0.3606292965928584,14.0,2.8278373941779136,0.9714719961641092,0.9616863767821427,0.96883650925412,0
0fb2371f-2456-430e-a9a4-f0cfba39ae30,21.96126365661621,18.479978561401367,43.18579864501953,44.0,8.231487441062928,36.0,13.836938961346943,54.0,4.0,2.77933931350708,4.869482386112213,25.0,33.31666249791537,8.712541777809577,8.071847914680754,8.232987097183361,18.0,7.781254847848722,21.0,0.2587133738805897,0.28980607858967866,0.10925564163405488,0.1969605335195364,0.13451809948276974,0.3374471082978373,0.11557393903893942,0.2481200638607593,1.0,0.18496449853917568,15.0,1.1878199776013691,1.0,0.9564003696576272,1.0,1
1137bf6f-92b4-426f-acd5-87fcaacee4c1,141.45164489746094,66.25724792480469,97.36599731445312,55.0,33.71839090533879,38.0,33.88274220798326,55.0,11.0,6.177541732788086,9.381842439589294,30.0,43.22036556994862,8.55544354664477,8.255767774201512,8.440785206910546,30.0,10.266713406622092,26.0,0.23348078183267199,0.1753911299682671,0.2216172775528562,0.23768037043982684,0.1864473066340446,0.3344344656016254,0.353082008715128,0.251403665630724,1.0,0.17156617314466824,13.0,1.715098781430203,1.0,0.9636665058484781,1.0,1
116072b2-8c6f-4d85-9ee2-b94d02b9e754,15.813092231750488,16.845380783081055,5.704469680786133,33.0,4.285425434852469,40.0,2.215502174763844,22.0,12.0,3.5447418689727783,1.7109216698284806,21.0,36.359317925395686,7.864118509647988,10.986098053865641,8.202260492869275,26.0,7.466422025342854,25.0,0.16789504861210025,0.4421849908587847,0.18013157086303788,0.3024178047544708,0.4503886672527289,0.6266329318427751,0.3028477510481211,0.3550684082676741,1.0,0.3164679198754832,21.0,1.3425485532859276,0.9584665693345401,1.0,1.0,0
15b05838-6779-4cb9-bc53-86571636c633,14.039570808410645,14.677164077758787,21.7338981628418,46.0,2.337531459682128,40.0,3.330588480421141,41.0,22.0,12.007611274719238,4.185551295093462,23.0,40.718546143004666,11.165988467906248,8.750169898593763,7.347950866952374,24.0,9.503497306752687,27.0,0.2029123313716865,0.2657712880033133,0.16799150886268746,0.29920205401369626,0.39614107692242095,0.5656567464959352,0.21119589363593932,0.33966213080170066,0.9647456500335916,0.3990262636149251,16.0,2.9178607545646966,0.9820558110231894,1.0,0.9769001993024186,0
15cd9496-900a-44bb-948b-12a24b101615,28.548513412475586,32.67765426635742,38.11069107055664,46.0,5.958474513994256,28.0,6.239345254631817,55.0,26.0,12.53216552734375,3.0441696489522907,27.0,41.400483088968905,10.740574035431823,14.61825119049588,12.250500958262409,30.0,16.635532333438686,27.0,0.28387974726424103,0.31876717977219393,0.3173018338928816,0.2493787358264289,0.20910804743982428,0.40466104863925867,0.3012124180978213,0.2830985362983778,1.0,0.31899020441035025,27.0,2.230410948168808,1.0,1.0,1.0,1
15f3fcdc-93e4-402f-8526-72e06ace8419,15.49024486541748,4.612792015075684,2.734236478805542,21.0,2.8448448572307825,12.0,0.7759713530540466,2.0,19.0,23.563159942626953,1.832068644464016,23.0,36.373066958946424,7.364435448096678,8.51399006715901,9.62564527497392,22.0,8.640542978324744,21.0,0.11775738448370833,0.14118151826157732,0.19644429219746665,0.17971577144380538,0.3287196669724125,0.4591059141480239,0.0992543233525336,0.2753905541392848,0.9424345608043012,0.3068677263108257,15.0,5.028017168243726,1.0,0.9831762981933784,0.987852722000375,1
1c10a5d2-ebff-4d88-b54d-5aef49de4b6e,104.4561004638672,19.218530654907227,67.64039611816406,44.0,10.057958920435471,48.0,7.851948569037697,37.0,26.0,13.756563186645508,3.1795719409530814,22.0,34.132096331752024,7.350979294934832,8.781490722546996,9.99868395354663,22.0,9.248220981142003,22.0,0.2873560257373257,0.16956220511649722,0.7655863703760379,0.2106775512088395,0.2650217133590225,0.3736735803875647,0.3346913726322979,0.2429532382916926,1.0,0.2260909638036981,14.0,2.503423377329653,0.9772538615818934,1.0,1.0,1
1c3d5685-0354-42fc-b882-cf2d37be1e49,5.7186598777771,9.041561126708984,3.713200330734253,13.0,2.2583761404861105,16.0,1.610771887681701,12.0,24.0,7.369818210601807,2.410070373253389,28.0,40.422765862815474,6.576503984454562,7.503126476270413,7.293993757356659,25.0,6.010851451136181,27.0,0.2069892061383457,0.10730866704799613,0.14754461453721734,0.3393909013158423,0.4250030730624397,0.5298298046450847,0.24920955152478186,0.3156309532204856,0.9411744409822406,0.2983890916056676,17.0,2.8347421342676338,0.9728672484124536,0.9687571125208404,0.9618155412322434,0
1e0888df-7059-4fab-9dd7-b0b6616442e6,29.20115852355957,35.9687385559082,83.44230651855469,37.0,5.320061722397805,34.0,13.958182817697525,50.0,19.0,34.78596878051758,5.182410654425621,21.0,34.66987164671943,7.170368917122864,10.355730440812684,9.477545649710061,20.0,7.3250883034167416,21.0,0.44640177823203503,0.3006220313947827,0.2334688566722836,0.42684537038478587,0.3173437830511129,0.6175183669990632,0.35858605986273234,0.3122246525373911,0.9338451697311988,0.4927349526769989,10.0,4.682625173777342,0.9574736596077936,0.8427126058345865,0.91609985350265,1
1e5a92b9-37fa-4351-b5c5-28964fb42f7c,24.179039001464844,19.24161720275879,60.18535232543945,20.0,5.279922412708402,30.0,7.71536417119205,22.0,17.0,11.952631950378418,4.336424171924591,18.0,26.476404589747453,7.410555042852949,5.9425954884232315,7.377817765289137,17.0,8.488381224904069,17.0,0.28778557571622104,0.14786611696478558,0.16337160926289085,0.3840917404959392,0.5801196567642675,0.7794473640499571,0.3423191627365549,0.4320483924367542,1.0,0.5055980538284829,13.0,3.4416647758334875,1.0,1.0,1.0,1
20b09fcb-eb66-4282-b53a-51aa24f1f9d2,15.925358772277832,5.487691879272461,24.693395614624023,33.0,4.135051642145429,8.0,3.787455286298479,19.0,4.0,3.826583623886109,2.4233080517678034,30.0,46.010868281309364,8.67812147427223,7.838624015691185,8.741518487930055,24.0,7.147649514564717,31.0,0.3270548864213562,0.2444385978007281,0.16903095261353862,0.4319279797168036,0.5525116313118439,0.7553233023712296,0.21623289311461447,0.5184096263372668,0.8952974760183502,0.44637170647843855,15.0,1.293403922092347,0.9714479004731288,1.0,0.9290538117740932,0
232cdb63-b154-4db1-9119-2eb2e10daa57,9.738163948059082,11.81642246246338,24.02079772949219,42.0,3.272279956936836,21.0,3.5189678564667703,15.0,1.0,2.7584848403930664,2.9997002601623537,29.0,48.28043081829324,6.8408345757528295,7.630964871677059,7.220316070654429,25.0,7.149146077623854,31.0,0.3702903417517446,0.3411668308866056,0.21123140701947973,0.5559235867858754,0.6174847039185014,0.8377768169634099,0.2582280272458448,0.4569997206523498,1.0,0.5239882457102087,12.0,1.112090352922678,0.9668696830178192,0.8762739269988653,1.0,0
27567fbc-75a7-4288-b6d8-cdeb85fed36a,14.352540969848633,8.522243499755861,6.065187454223633,27.0,3.6856673564761877,27.0,2.321144822984934,10.0,16.0,11.44371509552002,3.446616657078266,14.0,30.033314835362415,7.6439243486227015,6.871390790053095,7.504429992974739,21.0,6.142525243291988,23.0,0.09487910172819868,0.08527186998597913,0.04376573036470133,0.14004464716947804,0.1610765315773762,0.35057306593276183,0.18195967537744384,0.21304560181686605,1.0,0.23476968072194884,14.0,4.324787512421608,1.0,0.9781287559957088,0.9885649877801764,1
2911f2f3-feb8-4de5-9ef9-3685e1fdbfa3,13.690524101257324,73.56645202636719,34.74103164672852,45.0,4.090646843910218,27.0,5.045164855718613,46.0,24.0,14.239042282104492,7.814995876550674,23.0,38.13135192987524,10.559091413111107,8.529215415840465,9.916596600605963,23.0,7.620635232634451,23.0,0.3857679379519709,0.2893570106094895,0.22832666325794804,0.42155991042400426,0.6078533103645126,0.7966269439990173,0.2424188693936885,0.4984855906173058,0.9473367546587248,0.4686575504029478,12.0,1.8341963136196135,0.9744302813235336,1.0,0.9359046943548324,0
2a56117b-1b94-4ea1-ade7-e21533af0c4f,1103.0572509765623,1279.3836669921875,1468.98583984375,55.0,106.70607741089428,51.0,117.59469729862293,55.0,27.0,35.40937805175781,36.084266750251544,19.0,42.67317658670374,8.812700601653647,11.086400663651013,8.976602740280793,28.0,9.55963449357304,26.0,0.389321035723459,0.2598992456522041,0.2704911353356132,0.3529693058150971,0.3951697147832226,0.6324322413888719,0.3143318261066878,0.3901557741189067,1.0,0.3856029403878124,15.0,4.538877307993023,0.9665024581839176,1.0,0.9577734550043352,1
2baf381f-39df-467c-b87e-9f93658da1ea,63.67717742919922,47.055419921875,54.19650650024414,49.0,8.245338775095393,47.0,4.964021225444606,36.0,24.0,9.407654762268066,6.615679181990076,21.0,36.810324638611924,8.338299626549938,10.749582634885614,7.793251571299626,23.0,9.774818748092052,28.0,0.3623717020885165,0.2259508349024377,0.346453489044704,0.4652398043623183,0.5743185160326418,0.7814204299863615,0.2698777140937967,0.5254881784543552,1.0,0.3784757866635085,13.0,1.6420546432987588,0.9128022271120988,0.8784399503761128,1.0,0
2c67571b-9dde-43ca-abb1-e3d63ae3b2fc,18.18568992614746,8.655778884887695,32.74081039428711,29.0,4.651484172046184,23.0,3.376232485473156,15.0,21.0,14.630407333374025,1.9636545047163962,30.0,41.44876355212541,8.85668599819521,7.33490641610315,8.769735368374532,28.0,8.044276823084733,26.0,0.3216062241585849,0.24751460204470965,0.24638379465546545,0.3572952559676791,0.2848556586063913,0.7145733535561744,0.2637068964922835,0.4520490057256338,0.93266835033396,0.4875625837939994,13.0,2.350552974641323,0.9404711790414264,1.0,0.9570582942445052,0
2f59d408-6513-4d04-b8d3-3a3d68d31880,40.48077392578125,48.04635620117188,33.954761505126946,46.0,8.812193858623505,25.0,7.687042371431986,43.0,10.0,8.605870246887207,5.719261384010315,20.0,35.156791662493895,8.583749067478216,8.965365610668472,8.313704286637666,22.0,7.055287605676136,28.0,0.21662793768328686,0.13304781681815034,0.179892636077843,0.3097619605719001,0.2833710064258338,0.5631703904653307,0.19094088240046347,0.4088555953447544,1.0,0.32285480372103875,17.0,1.5997152626514435,0.9680854360411754,0.9467930335765746,1.0,0
2fb2cbb8-e23e-45bc-a3e3-fb954e0f14a7,12.142433166503904,10.527219772338867,24.37199592590332,26.0,3.6774511337280273,27.0,5.76750814417998,44.0,9.0,7.51674747467041,2.7959857458869615,29.0,51.980765673468106,7.385952260908477,9.534650654854435,10.189230672773471,30.0,7.541629946223185,31.0,0.3213722854234893,0.3793272613410105,0.18028186497724866,0.3458835123817697,0.33887434033803404,0.6349080035924741,0.3191486452201243,0.4395784562123717,0.907447059105674,0.4024632456620532,15.0,1.789249277363221,1.0,0.9030923258395781,0.8988896086643111,0
3070acf0-23ab-40c5-8afc-ba869e122c00,38.12192916870117,51.57766342163086,10.43019199371338,28.0,6.617697324071612,52.0,3.2629418986184255,22.0,17.0,6.35657262802124,4.47125364456858,23.0,39.83716857408418,6.92110426984736,8.0939578438552,7.334614890299365,23.0,9.310712810505004,23.0,0.3574270905651774,0.2726360070352433,0.2683981182245898,0.552372508411842,0.4222464228585412,0.8455683860137331,0.30109837113984617,0.6079719106974109,0.9394523017800256,0.4760513381306915,14.0,1.4306523906333106,0.9769514134795292,0.8911270269625615,0.9525796913527764,1
3086cac1-f460-4210-b0da-29ba99eaac07,131.4771728515625,232.5396728515625,123.60794830322266,29.0,6.952436442059629,54.0,10.568066106123084,39.0,38.0,103.67880249023438,24.488266210696278,22.0,35.86084215408221,9.384494187477875,10.142322325248953,8.022158527759009,21.0,9.648899860895622,20.0,0.2585525466797285,0.19930272302541474,0.15786391807354838,0.2645715794153649,0.2672246392221378,0.5038149313617752,0.22044644031071547,0.3741239661156036,1.0,0.2624550839994577,17.0,8.50804989022367,1.0,1.0,1.0,1
34094d7c-ed2b-4fc1-9146-635e608329d5,57.73181915283203,55.61289596557617,137.863525390625,38.0,5.683224979788065,49.0,10.258236941881478,38.0,24.0,12.491671562194824,10.329657713323831,21.0,30.903074280724887,8.05834811182276,8.937333032448423,7.096855908604057,19.0,7.297527048585414,20.0,0.3660766996719689,0.07010802807040395,0.11411616373836975,0.3498916306924389,0.6285796934463213,0.7612011275970303,0.20726252354199384,0.4691501426210046,1.0,0.4019854668254338,14.0,2.801832619309425,1.0,1.0,1.0,1
344b785d-d12a-47b6-95ba-fa05eecd7e8b,48.18782424926758,66.08203125,37.62951278686523,35.0,6.63348853800978,30.0,6.051193992060329,53.0,24.0,12.670980453491213,4.634421697211644,22.0,32.93933818400121,10.988782834471076,8.258438998627058,9.286485264797854,22.0,8.617513854396803,24.0,0.3802521434910228,0.1733490146062363,0.21200412409349825,0.2842800320290677,0.5526855473692794,0.8852434717450397,0.18728652214508226,0.2929470400628897,1.0,0.6596983770856951,17.0,2.649904579397232,1.0,1.0,1.0,1
34e2480b-3454-458b-86b0-47e176741b60,43.2219352722168,146.92356872558594,72.32511901855469,37.0,5.569722721848307,43.0,9.516369462767734,36.0,11.0,9.803909301757812,7.212233937239345,19.0,23.280893453645632,10.899788714615884,9.538199279113035,9.025202231876674,18.0,9.005594570307071,14.0,0.2960794577923578,0.1571445063201673,0.11895853050470928,0.241667325037751,0.2631889191278991,0.37346180506235666,0.2982675049894232,0.184890425434324,1.0,0.22034513630084002,18.0,2.0077039569239075,1.0,1.0,1.0,0
3599ec25-58c9-4215-aac3-a1287f7a7601,679.2362670898438,379.76068115234375,558.193115234375,55.0,15.337096697092056,50.0,27.836795904901294,55.0,21.0,24.32573509216309,16.202274763584136,19.0,33.91164991562634,9.474687335714894,10.52527219158943,11.05050558957566,22.0,8.540669815508586,22.0,0.4619968991813258,0.3506812246855832,0.2690234279547213,0.7573532716455271,0.4400706350619229,0.9065360328557125,0.3506903818823339,0.7709340682754479,1.0,0.4647501635462189,14.0,1.866862943602933,1.0,0.9445107474663998,0.9370075309317216,1
36ca2d1a-cf6f-4730-bdd4-ed8000409707,21.787311553955078,56.376731872558594,315.1519470214844,28.0,3.3272031169870626,28.0,6.570493041821148,20.0,21.0,10.8875150680542,2.5759448752455087,19.0,31.080540535840107,8.572401295271451,12.1416041225636,9.947603744221803,26.0,10.02550946276199,22.0,0.38033925574208827,0.4214092549067033,0.17485657249320696,0.36027210952618394,0.3868759982149052,0.6504396714037632,0.2716402609365232,0.4030054568559305,0.9630227240063579,0.4086354894922959,21.0,2.9368666115662325,1.0,1.0,1.0,0
36db4e88-0c6d-464a-9c5c-f6b128db78d9,10.575379371643066,8.086852073669434,12.848278999328613,38.0,3.9654018475163366,27.0,4.220811342520099,28.0,3.0,3.4742965698242188,3.3492008015032737,26.0,38.2099463490856,8.55877522543673,7.488019354822,10.215435618941386,28.0,10.421810341779032,25.0,0.3733493198827079,0.24207385226867706,0.195710173685034,0.41713810604293866,0.4724134874974028,0.6943556438617412,0.3441634804349414,0.3944604282708101,0.9388920974143504,0.4934093994775293,18.0,1.0669553491377062,1.0,1.0,0.9370862775761676,0
3a5e8217-042b-419c-a4c0-682c15de975a,22.15134048461914,63.6341667175293,201.23248291015625,35.0,4.997465791446822,22.0,13.751837902835437,49.0,18.0,13.408761978149414,5.571410153593336,18.0,29.46183972531247,9.229420351886468,9.555371520593782,10.412142395671832,20.0,8.735544319007191,22.0,0.26854545897500315,0.1687883561798318,0.21455975187758825,0.4002844399059916,0.2796485304848021,0.5536386365804262,0.3134513020996105,0.3608851417928817,0.9401977562489424,0.3298554866233306,10.0,2.1805834972432683,1.0,1.0,0.9148922260955354,1
3d476714-4de5-4cd4-b614-405397f88c65,37.95174789428711,87.96912384033203,114.63704681396484,37.0,4.76679446645405,21.0,6.7074439162793364,24.0,7.0,4.606810569763184,3.871188189672387,20.0,36.4828726939094,6.699858186552003,7.918727448663578,9.5264156884715,21.0,6.811167227622319,24.0,0.37974154476049937,0.16043709703870754,0.09628228751141554,0.33374941120334417,0.5092382456952448,0.6919560778315829,0.18361505010154555,0.3718414004619824,1.0,0.4465200528850359,13.0,1.675744274388189,0.973994529836114,1.0,0.9540022780295292,1
3d4d0805-96b7-4b27-86fa-55638def105a,7.889059066772461,3.3717966079711914,60.01772689819336,21.0,2.7865302711725235,2.0,7.565283659845591,29.0,16.0,60.43249130249024,1.5123871862888336,21.0,33.91164991562634,6.005004612891277,6.790963334210805,10.940616209453394,22.0,6.996695868684763,20.0,0.18697404834589915,0.057985928306078786,0.11940202504241924,0.12568806044630104,0.14893642507127391,0.29861726377147013,0.15816132426157092,0.1719217468384346,1.0,0.2264659962723351,11.0,6.932179316878319,1.0,1.0,0.9715005366047316,0
3d859196-243f-45de-b3b1-a0379b49d958,45.77278137207031,90.33525848388672,97.3137664794922,41.0,3.4552536976169534,43.0,6.009754540634827,50.0,14.0,8.591846466064451,4.4622074235493026,19.0,31.32091952673165,8.89940067903179,8.35521268042114,11.106554285581296,24.0,7.575566446762021,21.0,0.39918271553445706,0.2918937752931745,0.13427971866619326,0.4990051715272179,0.5975430722878803,0.861789642035356,0.3017541441194688,0.4743891313593431,0.934484518295364,0.5902228498820837,14.0,1.4236538093274749,1.0,0.9150164443088952,0.9533842183028391,1
3dac38f6-abbb-465d-9114-7b4cfae5ed25,7.560189247131348,8.795388221740723,38.341495513916016,26.0,3.1277647593191693,24.0,6.261119442326682,26.0,4.0,7.027173042297362,3.7930841956819807,22.0,32.341923257592455,7.663567771069879,6.606551008987558,6.960365941656594,23.0,9.824122770243235,22.0,0.427292281356724,0.2584539280512591,0.13679982038491967,0.3514484081685397,0.3861428093948971,0.6672782136730314,0.1630923490079661,0.4008619837648696,0.8955468489470519,0.4217782906569345,18.0,2.0728722448859895,0.9847478447036108,0.9499009230574412,0.9725980817622656,0
3f68da18-e3d6-426b-801f-9d8ccd46e6cb,7.46514368057251,2.5991568565368652,2.0673327445983887,5.0,1.4246488325297832,2.0,0.9418453853577375,1.0,19.0,8.879651069641113,1.1655072178691626,19.0,36.4828726939094,7.3710130154216165,6.860033230724345,7.746844553485418,21.0,10.814131445729465,23.0,0.1475354407232531,0.1400611066508135,0.06791660078923634,0.5138247415633792,0.6519099024570574,0.7524168277766883,0.1063706361368858,0.30130013927515625,1.0,0.4020932122217759,17.0,3.6091798432171345,1.0,1.0,1.0,1
416a984c-4a94-452b-93be-499c1ac374d6,25.09785270690918,39.33990097045898,71.12747955322266,55.0,9.383265481753783,41.0,12.216681577942587,55.0,7.0,4.975955486297607,4.816569466482509,28.0,54.67174773134658,8.366074054761322,8.35977396330899,6.197168422979961,37.0,6.724038913551253,36.0,0.2875496428068056,0.15643910155338234,0.08556300208751355,0.2931743371438108,0.3148908621367527,0.4637406267072215,0.2338747363439749,0.2862516731613163,1.0,0.23811669370370644,15.0,1.698543051427061,1.0,1.0,1.0,1
42d0b82e-ad6a-4b05-8663-021ac575a5cf,3.115535020828247,3.660184621810913,4.411802291870117,11.0,2.1682715521139255,9.0,2.470202502082376,16.0,8.0,3.108461618423462,2.1111609374775604,21.0,37.603191353926334,9.89226196106646,6.395740241268531,8.533090087522785,18.0,10.901693296451024,27.0,0.3459792058926067,0.13290796361433144,0.16630610374835553,0.405664991009761,0.4400064838285305,0.6307972522812645,0.1874082826617901,0.4206023800065976,0.9304041189864628,0.3427265449696522,18.0,1.087091260096606,0.9674511269436188,0.960297056657108,0.96388723017192,0
43294479-32e0-4589-92ee-269b36a70e46,30.4532413482666,257.6483764648437,54.20274353027344,43.0,4.588750692144517,42.0,5.587216681049716,43.0,23.0,10.813451766967773,8.329742148518562,29.0,41.012193308819754,9.243064458594496,10.579858266676494,7.972988104694875,26.0,8.309800114106046,25.0,0.4440388578375418,0.3227051996444588,0.268395499760143,0.4150792121960367,0.4220772202007265,0.6089177531668462,0.3524193398088724,0.3735677804706781,1.0,0.419564868516322,18.0,1.442463276246863,0.9929873235760054,1.0,1.0,1
46715e2d-faf6-41fd-abb2-92c06fbab6d9,20.12018203735352,22.85110664367676,22.085411071777344,27.0,3.596087623997168,31.0,2.832686869935556,21.0,4.0,6.404364109039308,2.574474654278972,24.0,41.44876355212541,8.806264468567413,10.801905811623536,8.85004638444856,27.0,10.316092430530043,30.0,0.3090819959050037,0.24101030948460656,0.3335953375744076,0.3988690915337965,0.400782789323285,0.6895736250220392,0.3710866987466797,0.4675020156381178,1.0,0.4766510205502024,20.0,1.4369532132690603,1.0,1.0,1.0,1
4676049f-9697-4fd9-ba1e-f5dbfa395fed,25.96058464050293,70.28195190429689,102.15049743652344,29.0,3.4296643206396618,17.0,7.663924007802396,46.0,18.0,22.053686141967773,2.7117312397505784,20.0,33.49626844888845,9.906451617581522,11.026232256292916,9.778684458397116,21.0,9.059787438310286,20.0,0.2185501645529313,0.12047465257167812,0.15670086827531948,0.2791165262843533,0.24475276913571065,0.42996973661618104,0.2598761292555796,0.2920941260778222,1.0,0.36589404182815904,20.0,1.9568005335760545,1.0,1.0,1.0,0
4775ac41-85b9-4e91-9911-c1fefacf5261,25.539966583251953,21.49301147460937,35.95353317260742,27.0,3.144664434825673,52.0,7.558906323769513,51.0,6.0,9.599092483520508,3.037483676040874,19.0,37.57658845611187,9.434683596382198,12.80274353907852,10.453890263838996,34.0,11.577298060543523,25.0,0.22086374270615616,0.238011031676904,0.12089622712365372,0.3506530581414729,0.2682893902772268,0.4628945351707771,0.20011575691032968,0.3117379946186317,1.0,0.26813646772428873,30.0,1.7827370969688192,1.0,0.961522704803404,1.0,0
4b29f163-61b9-4fce-87be-79688e54b37d,49.02804946899414,198.0025177001953,95.54573822021484,51.0,7.661070372377123,40.0,10.61865292160542,52.0,38.0,16.834360122680664,7.4619139649651265,22.0,37.33630940518894,8.463761748652729,9.004415290924603,10.183404517757852,24.0,9.999804524335186,24.0,0.3036862942346276,0.35150095744739474,0.3325696055745033,0.40578131433765796,0.3947544288077289,0.6311133151725447,0.3358975006728627,0.4074661232283608,1.0,0.4257379755416785,15.0,2.6206775824357935,1.0,1.0,1.0,0
4bdc0e5f-8325-41d4-ae94-3d05b5230d97,13.014723777770994,24.69554901123047,28.14248085021973,27.0,6.709718386332194,33.0,8.092545370260874,18.0,0.0,1.7085839509963991,11.480180939038595,11.0,27.331300737432898,4.968621980267634,7.571963682889865,6.9922472927328085,23.0,5.166663951359808,13.0,0.1259087459713195,0.2849884211775425,0.1226558713642738,0.30686147729176044,0.2466188082378243,0.4943340060621616,0.17520937364356504,0.3567558928456241,0.9832514147664232,0.24754598527374874,19.0,1.3115671177705128,0.9477144444169804,1.0,1.0,1
4fa3f57a-e51c-4774-892b-c8a02fb7fbb7,21.86176300048828,43.021690368652344,224.6036071777344,24.0,4.228052913291114,15.0,18.848898982150214,23.0,23.0,58.22269058227539,4.844185449395861,18.0,36.945906403822335,10.536892404553333,8.948350246051595,9.652740941730073,22.0,12.394805281038074,28.0,0.07463767595928616,0.36848745182629306,0.07102029218501793,0.20264565484888747,0.16585378532151762,0.5110665811048182,0.16880684031880067,0.4617061428281274,0.9751741125091978,0.20072490243659508,16.0,15.73311904498509,0.9828143432246108,0.9750736283133572,1.0,0
530bc9ed-d545-4252-9660-2ce2f916a9bd,26.92511558532715,78.365966796875,14.549164772033693,27.0,5.767527371644974,21.0,8.718963265419006,47.0,23.0,6.1254940032958975,16.323361106216908,11.0,23.345235059857504,3.226849877385344,4.508766728751261,7.595189768567664,18.0,5.828849420340646,11.0,0.026493314934736608,0.04698723587829445,0.02523138946006576,0.06182797140353361,0.10919488777690753,0.1606694670975318,0.0,0.0853821147771218,0.9592945761967706,0.1046623738199148,11.0,3.7462701499462128,0.9862444325883402,0.9827417822339076,0.9720476587349264,1
5769ceb6-6c63-4c8a-a987-d2c9f186a166,6.092964172363281,14.83747100830078,6.873676776885986,25.0,1.6047142316401004,32.0,1.3327011515200138,19.0,10.0,7.631040096282959,2.905225335359573,20.0,36.45545226711637,8.582919796538233,7.764988177927241,7.751684164701377,28.0,7.573628442906988,22.0,0.21908658991080746,0.19198316224466985,0.2624484241422038,0.7339337783932637,0.9957885514213952,1.3095187539198903,0.19360853838886305,0.3762973732143576,0.993705986861262,1.0882894632280582,20.0,1.3787607768177985,1.0,1.0,1.0,0
58ecd2e3-66be-4596-bc48-dfb2d009528a,5.940165519714356,22.29882049560547,8.107624053955076,19.0,1.1749850481243458,21.0,1.969364191515971,27.0,26.0,12.595925331115724,2.144104253942684,13.0,38.3275357934736,11.047767408141805,10.205121849959394,8.978604045634077,26.0,9.18828067868225,30.0,0.1201293062525638,0.2312641694915157,0.04204092275563598,0.11804213280395914,0.10964434120385252,0.2809055306627996,0.150023499508235,0.24085289652916425,1.0,0.1161501268451223,18.0,3.182151642896361,1.0,0.9732471116155044,1.0,1
5bf69ef8-c697-4f89-a46a-095cb42ae304,16.945823669433597,114.6278076171875,67.05690765380861,22.0,5.008949339389801,37.0,15.420827207111177,30.0,10.0,5.010379314422607,10.489677400816054,22.0,35.25620512760839,10.482097818845679,9.629411679555027,9.291055556697891,23.0,8.288973802858237,20.0,0.32517731389915466,0.14578765772665314,0.3028053419136749,0.3321289867374952,0.348617710891843,0.5117996746962723,0.2745206665005975,0.2665250120474586,1.0,0.2928315069156479,17.0,1.474972386445318,0.9564434277385012,1.0,0.9191771055054464,0
5ce69643-aeec-44e5-a5cc-4c06d36f5979,148.2530975341797,96.32754516601562,172.87582397460938,53.0,21.03826480857597,45.0,28.060063441922843,54.0,30.0,60.36730575561523,12.237738036912335,20.0,29.748949561287034,10.122508426786231,9.919522184313042,11.94865050355538,19.0,9.662466595762599,18.0,0.31409398638217056,0.20392802474560728,0.3017455569270022,0.34293888349278845,0.33675473131225503,0.5227997574552529,0.3358751246452075,0.27310172524830034,1.0,0.2966875770120892,9.0,8.387059085871563,1.0,0.94036233140699,0.9484033859717924,1
5d1d61c3-9942-4ccd-b65b-b27dc43887b1,10.799208641052246,24.73267364501953,9.710808753967283,25.0,3.7239628325809133,24.0,2.2065843668850986,15.0,17.0,7.413168907165527,4.314172727411443,17.0,31.016124838541646,9.161083470192816,7.501681613719838,8.542033025672364,23.0,8.70204912788402,24.0,0.3818309466070153,0.3324832676919166,0.14272482894708405,0.4399085663819337,0.3998809900438409,0.6155415245832385,0.22269851637560734,0.41020683973049016,0.9267198792830674,0.3882143277367511,15.0,1.1622601075605912,0.9766242006382092,0.9591132225103012,1.0,1
615e9dd7-ab41-4326-9301-5aff56aaddc4,64.61080932617189,111.01896667480469,81.65684509277344,51.0,12.52283455133438,26.0,14.69660837650299,41.0,24.0,20.93089485168457,7.47648960351944,19.0,35.34119409414458,8.307147537481196,7.340504927184227,7.839193400592934,22.0,8.353839981087871,21.0,0.17791019881109682,0.09499290266186322,0.11742241619931405,0.2659379469433823,0.19781906694875795,0.4709244856439868,0.2278124963458632,0.35303302675903664,1.0,0.2534894095476402,10.0,3.187052382528782,1.0,1.0,0.9395874527618392,0
65981245-0d78-486c-8466-d705c022920f,27.14040565490723,12.80738639831543,21.95867156982422,26.0,5.612981848810849,19.0,1.607547763538988,14.0,17.0,3.7140862941741934,2.1883275093216645,23.0,37.067505985701274,9.200160554259437,6.64615415076274,8.18277100218184,22.0,10.54267566064269,24.0,0.2297612512523945,0.18249507583470792,0.2504066405913837,0.5110886946057379,0.6400779826664841,0.9925491344374391,0.29848494654584656,0.5952687873957129,0.92695882018939,0.5854158279023052,22.0,1.20267248388968,1.0,0.9436152351900218,0.9654231266031372,1
66af2645-3e24-4db7-b17c-bbe01b04dd76,27.07935905456543,98.09906768798828,111.15426635742188,44.0,6.6407545776594255,49.0,18.08279557171322,52.0,36.0,22.64183616638184,12.390937914805752,28.0,50.85272854036448,7.991744123827337,9.395113080479321,7.7354647944441,31.0,7.143611591593766,29.0,0.2110361152352891,0.19784681173438395,0.20104503983633132,0.3434967144770771,0.452727966927618,0.6070996170701392,0.2450420858926449,0.4127627032364672,1.0,0.3523921251264027,16.0,4.942431956529617,0.9812138168340524,1.0,1.0,0
672ccbff-403d-4453-a4e5-10fa429a22b6,72.4690933227539,9.57036018371582,49.59514999389648,42.0,10.13986823098226,27.0,1.9393741071901538,19.0,42.0,41.150840759277344,2.1857612915337086,31.0,53.1224999411737,11.235383779026371,10.238911367837645,19.631264606061357,42.0,9.646232516514983,31.0,0.2217436029695572,0.17843282876428568,0.13442453917447472,0.2103377464516646,0.22456029586753454,0.5305034971989493,0.13559185362995918,0.35330848948012045,1.0,0.45032156579490457,24.0,5.477770247242668,1.0,1.0,0.9405193548192105,1
6899ba07-f868-49db-9651-3504b6d754d6,186.8731231689453,46.42477416992188,83.54252624511719,26.0,3.8404679501928936,38.0,3.425287088242973,28.0,31.0,9.741233825683594,2.6398043976566656,43.0,54.35071296680477,9.611511784965304,11.1078865000272,9.655992124798317,34.0,11.614946708489263,28.0,0.20037035951420928,0.3971235000271691,0.1889454327538376,0.3552525732794614,0.4456124131965933,0.7399513127507386,0.2337384566063938,0.2903345470067987,1.0,0.5265371154825916,28.0,1.991245150566101,0.9867927356727692,1.0,0.9745127943444132,1
6a4acffe-5a6a-4d23-8871-d155d71eed0e,125.3734359741211,64.97748565673828,34.774063110351555,31.0,7.973427480175381,26.0,10.056400084779376,52.0,13.0,7.283815860748291,7.360814463524592,24.0,37.013511046643494,7.548736528815744,14.853823200064134,8.041480986837332,25.0,7.761154328089518,25.0,0.2355351263407419,0.11015948486213688,0.11000478555496383,0.2324349337364201,0.2737764064177733,0.36450231192182775,0.267234665286726,0.18936065121471107,1.0,0.2124621008944636,16.0,1.95327590405941,1.0,1.0,0.989461848021968,0
6c130d05-41af-49e9-9212-aaae738d3ec1,13.18649196624756,23.31032752990723,12.216984748840332,26.0,3.53763896030815,19.0,3.7992974653055795,33.0,10.0,3.3339359760284424,2.5122137230477835,20.0,37.12142238654117,7.276501065683282,9.125049650288432,9.10542239333552,22.0,9.097480930714394,24.0,0.3288332467212314,0.2109055780254575,0.16335119916715654,0.3873357905244103,0.5689622321401414,0.6993704103444766,0.32667908915582633,0.41271009943862014,1.0,0.3804418007394908,16.0,1.12603671280177,0.9768101293077314,1.0,1.0,1
6d0c10f2-c149-4993-901d-270a275476a2,44.027015686035156,11.907148361206055,6.363690376281737,24.0,7.246936407354143,22.0,1.3913653004500601,8.0,26.0,27.095184326171875,2.740661127285825,24.0,44.22668877499196,8.16366650993999,7.830052252509415,7.476956544834131,31.0,8.191824231284915,34.0,0.3303551352477673,0.13706924568966872,0.15729604088233762,0.19630155874524371,0.20484482406170307,0.4310712156381006,0.17889265422839296,0.2947426049042424,0.9573689715539396,0.3579343295797536,21.0,5.5530131459236145,0.9766863627767436,0.9901121351594988,0.9706208549137936,1
6d7d3dc1-89ae-4f5a-893e-2ae77474e58c,30.425031661987305,18.237356185913086,83.7869644165039,26.0,3.074941024736122,27.0,5.116629670615549,25.0,12.0,7.856318950653076,4.022535111617159,22.0,31.448370387032774,6.893095590665325,8.56802876579671,7.843912641201784,19.0,7.947654929687086,25.0,0.3394778807159484,0.28397617867724023,0.2034480209182428,0.3441865481696401,0.5715823106132274,0.7997728712436691,0.23346370778634296,0.4420700135319709,1.0,0.4353399487790111,12.0,1.5814186414634739,1.0,1.0,1.0,0
6ed887bb-394b-40dc-a8d5-96e836468a8b,19.00722885131836,32.6802978515625,35.422080993652344,34.0,5.577982995245192,40.0,7.676139930884044,25.0,29.0,5.148833751678467,10.64433710111512,20.0,32.802438933713454,5.737067367610123,8.049193461698517,9.428146430520727,26.0,7.4189742942425045,18.0,0.2344717257371373,0.13489769288169295,0.07557935368544721,0.1920374440344872,0.18777478036686165,0.2976349087721156,0.27170333369152044,0.1867073303844525,1.0,0.16950107366664685,20.0,1.7535692817635007,0.9534585342193256,1.0,0.9476580112419892,0
6ef39d8e-0715-4af8-b15e-4118c69eb325,18.11532020568848,32.238739013671875,11.89925479888916,34.0,3.2031199410557747,36.0,2.753281000587675,23.0,24.0,27.61767387390137,4.830175773137146,23.0,33.793490497431605,9.166872355267197,9.364444774383108,10.020653148068172,23.0,9.662844079876143,22.0,0.428142077193024,0.2168076061261784,0.2127446811167205,0.5582079148863431,0.5999978842301453,0.9098048644242387,0.3350169371548092,0.4423685671724468,1.0,0.6197946618072037,16.0,3.282494805753231,1.0,0.9804489800749412,0.9814239220443688,0
72923ebb-0218-4747-a8ea-cee677fe9b27,17.155912399291992,18.270187377929688,43.48912048339844,25.0,4.197402377923329,23.0,5.143760337716057,30.0,12.0,5.229333400726318,5.355303991408575,22.0,34.66987164671943,6.688065417406944,8.870246017789318,6.772474057407741,21.0,8.112752146807802,21.0,0.3662986288338979,0.2318163461218073,0.28438151732287564,0.22985506667827504,0.4702353150161441,0.6242424446629586,0.2272608812350541,0.2808897766129633,0.9620411743139612,0.3749477436681731,12.0,2.1021238224846974,0.9722338582020283,1.0,0.9778567043598104,0
72c95fc8-db97-4865-8bc3-a42e21d43e75,69.42282104492189,98.6737060546875,10.31003475189209,48.0,4.600236676890274,11.0,3.4425887434647002,22.0,6.0,2.9146945476531982,3.9490691104839586,35.0,64.07027391856539,8.732962297591946,8.499302596538318,11.462065443953534,25.0,11.325427569173426,48.0,0.23407506274765355,0.2456106277155221,0.14870095604336786,0.3487944793903272,0.4448387489058752,0.6547420223362704,0.19395328044737548,0.4003926762147729,0.9436081196358423,0.4152599945316626,22.0,1.349043661150439,0.9723699256200642,0.9365944633861564,0.9473496011221608,1
7457113a-34bd-4324-935c-f66bd33f1e4b,62.19963455200195,186.71006774902344,181.96214294433602,46.0,8.670649516979854,51.0,18.306830291350682,43.0,22.0,22.200910568237305,7.2982685542106625,21.0,33.0,9.738704226475523,8.87883768493996,10.159477551160457,22.0,10.143689402571143,21.0,0.28041509714690416,0.21154438391959152,0.2390640666134839,0.2751532948807073,0.32289302705796186,0.4973260105586006,0.31836156159663226,0.2526446280724776,1.0,0.2887169409517075,15.0,3.07395043383042,1.0,1.0,1.0,1
74de3c85-715c-4962-9cd7-28bdf4e96a73,99.16162872314452,183.54710388183602,162.0749053955078,49.0,10.876590775204944,51.0,11.693681224213018,54.0,23.0,23.77062225341797,11.159801774597787,23.0,34.66987164671943,9.950294140553456,7.934249917704466,9.389145496712654,22.0,10.87899929339707,21.0,0.5067618094289368,0.21314621822381108,0.3676559609568207,0.6739955965226986,0.6227016399194242,0.8383466958883576,0.33424024260449303,0.3542681022873101,1.0,0.6315198221108674,14.0,3.8615765552242083,0.9903396954527912,1.0,0.9895247052231744,1
75537f2c-b504-4f66-8b38-ed64993d92a6,11.84511661529541,3.7475647926330566,7.50903844833374,42.0,2.7766293485959372,14.0,2.2972660200162367,20.0,4.0,5.254875659942627,1.9354675231557903,24.0,38.28837943815329,9.028925855191499,7.689157507296982,8.784630673292172,21.0,6.761349817268466,27.0,0.2198483082330576,0.3007749823700573,0.2097060181361362,0.3524588178810445,0.31502277382152605,0.6118753329974117,0.3638723067223957,0.44557042827451415,0.9096754902086756,0.3330554239326595,20.0,1.1205305303588058,0.966746231194766,0.9598366055378234,1.0,0
75b63b7c-7752-4097-89ae-f9e339b26835,8.596141815185549,5.312522888183594,27.67140007019043,43.0,3.5998239491296853,23.0,3.3349885590698407,30.0,22.0,5.247162342071533,1.559736869905306,20.0,45.35416188179427,8.51296529379057,8.754727988763806,8.08164891475191,20.0,10.175975705151535,36.0,0.3513092255276594,0.26240140535292034,0.11952203585840925,0.4354782288577106,0.5572700731005167,0.7346408571454577,0.22067598807201727,0.5424588996744368,0.8936110802174402,0.4473592681320363,25.0,1.9851547207521356,1.0,0.9193258011306292,0.92251111468068,1
776122cd-333b-400a-af9d-39771b26fa4d,120.15412902832031,60.78520202636719,23.86931610107422,29.0,3.9745407915392588,36.0,3.851682886827824,33.0,22.0,12.037721633911133,2.8407611018696497,32.0,56.586217403180434,10.774392166780316,8.941674737759193,9.567119639110377,33.0,8.790654813002432,33.0,0.21278515029045209,0.21732486706216106,0.15991689524318795,0.2754090714636383,0.3363810434890168,0.5080201087047032,0.15885442833618735,0.3104604571131886,1.0,0.3226897936405397,26.0,2.216091990817425,1.0,0.9753836337428434,1.0,1
7808ea07-7623-4c0d-97a0-ce8c66e79274,95.72667694091795,41.77841567993164,231.0614318847656,50.0,9.890713858107725,29.0,20.027875433365505,50.0,4.0,5.408963203430176,7.074156713982423,22.0,38.1051177665153,9.158708229622652,10.09310540276407,6.790340164377004,22.0,8.068256772816634,24.0,0.22562709616847346,0.3079021782826221,0.20041972872745786,0.2819154232403728,0.41981987752308175,0.5448102700756733,0.2593246698922421,0.3262984187575197,1.0,0.2968045807249951,16.0,1.4087743225196998,1.0,0.9635755456204852,0.93650124530616,0
7db8d93d-ec5b-4a21-930f-ffeaceac4eb1,5.298399925231934,7.3553996086120605,26.49894905090332,27.0,2.9754025012254717,30.0,5.747620171308517,39.0,5.0,2.6873548030853267,2.7898704051971435,24.0,48.13522618623496,8.286305939312594,9.170840176273053,9.730206473695386,29.0,6.811333027882788,30.0,0.2643737455117904,0.15553756945550135,0.16071734805257032,0.3435167771165775,0.3589467323376569,0.49178996480279324,0.29240704922167593,0.24966795636807784,1.0,0.3528587841235552,21.0,0.9486923314630985,0.9710174070273184,0.9747529323847164,1.0,0
7dbd2137-6a17-478d-955e-90af29711f93,119.4074249267578,72.5138168334961,88.5191421508789,48.0,8.757614160692968,29.0,11.621305974416954,47.0,29.0,16.626157760620114,9.869046410848927,16.0,33.0,9.171611466361805,8.485283383935158,7.545821544693988,22.0,10.571747124751079,22.0,0.3945074354456505,0.14663428112032295,0.10827256567717823,0.33143160581653863,0.35025206753901955,0.6782650678031191,0.27266412181508537,0.3947590316206452,1.0,0.4495122103301182,11.0,2.118343945852546,1.0,1.0,1.0,0
7e72a094-c8b2-4539-a42e-7cbaa9a3d4b1,6.564781188964844,18.799196243286133,157.60154724121094,19.0,2.6128626068433127,20.0,9.20457904835542,43.0,23.0,33.45574951171875,2.929207260409991,27.0,39.92492955535426,7.928598318585977,8.190671434104493,8.530622176300518,28.0,9.557753025473001,26.0,0.21900754525631194,0.4800297990459504,0.1342413990906539,0.3380275430556412,0.3867573538906601,0.640374967751989,0.2229676142191528,0.3678800940873865,1.0,0.3945655512501118,17.0,3.649104951818784,0.975664534709468,0.9673177329056344,0.9811846121912948,0
7fb7afc9-b006-4a44-99dc-409ba90d3fe8,20.229633331298828,70.21452331542969,26.258560180664066,31.0,3.2456603150016496,43.0,4.0230879337926,50.0,31.0,26.088335037231445,7.782365596454058,19.0,27.386127875258307,9.709231516738575,10.544639304128454,7.6768550219371345,18.0,13.482796311075031,20.0,0.23022517205067936,0.1855993083087859,0.2101261177512156,0.4481762207082705,0.5559383399660335,0.9749792764970309,0.2553364654952469,0.5591735581243895,0.9954818461268724,0.7520226335557507,17.0,4.376445823748197,1.0,1.0,1.0,0
81434ce9-c1db-4717-81e4-f49b0942e321,32.65848159790039,63.70757293701172,96.16588592529295,20.0,5.267354842275381,29.0,10.126141481101513,22.0,14.0,17.421510696411133,11.581170450896025,17.0,25.67099530598687,5.868035667142312,6.373433891603085,6.454626245324575,20.0,6.17804267944562,19.0,0.34345992110344803,0.3530160211232545,0.13011653653914554,0.36069374346476896,0.4339674712543484,0.6288803776439322,0.17214440303405598,0.3785965085029959,0.9483736267287078,0.3573632634424813,16.0,3.847849827259779,1.0,0.9829861335306832,0.9652327968320568,1
821e5fcf-6960-4c50-b370-289e33a55069,49.34760284423828,42.09257507324219,73.56224060058594,21.0,7.818828988075256,30.0,16.033018112182617,25.0,0.0,1.9593127965927124,7.86733877658844,20.0,29.068883707497267,8.819053715324245,6.782353711450354,7.863437435916636,19.0,6.856935352311914,22.0,0.15170081591284812,0.11498051580829938,0.1102688079230989,0.2210914127966501,0.23995888747983024,0.39360083361687587,0.22472150550213896,0.2670768908686472,0.9270361273315472,0.2377804697214264,13.0,0.9242236077785492,0.9715525458150692,1.0,0.9345050686489924,0
83007245-9b89-4b75-b706-27b760ee8ac0,12.864816665649414,30.26589584350586,61.39733123779297,31.0,4.278311484389835,46.0,22.160962460769547,32.0,27.0,56.81035232543945,5.647528515921699,21.0,33.67491648096547,7.671740834215419,6.293327591238036,5.5797483402772725,22.0,8.086930456862943,22.0,0.11339858694299355,0.055282332175863085,0.0829187440457525,0.1375739675720428,0.16643281859290374,0.30858404878124124,0.13445275057348116,0.1537959424005401,1.0,0.2094541481054382,19.0,17.577901436222923,1.0,0.9775015216479565,1.0,0
83e05a40-bd94-4d5e-87c4-fbc266fc5dc3,10.077527046203613,58.15662002563477,41.75215530395508,6.0,1.7398944287137552,16.0,5.273325543511998,40.0,18.0,13.069415092468262,3.7863182474605064,24.0,41.641325627314025,7.404051256555958,9.18355737619084,9.378577710590234,31.0,7.572587012026205,22.0,0.26055785442634605,0.2069311004471681,0.1562724842259503,0.4449798945253858,0.44214274561430417,0.5509387468927989,0.2268068951677397,0.17771893020890214,0.9462175819624667,0.3829492389808024,22.0,2.4422482038763436,0.9969599691894441,0.9892973849287529,0.9935986815508367,0
863ddb69-fb81-4e17-8273-845c5aaa2fb6,10.219130516052246,24.764272689819336,36.81468200683594,40.0,2.3341450306042186,25.0,2.4382228013479486,23.0,24.0,11.99966049194336,2.911872313832337,30.0,45.0,7.6125674991929495,8.665063384166642,8.020268071105523,31.0,9.209764816376204,26.0,0.4967049625786415,0.2290464233781222,0.2458177638318261,0.7464902774144798,0.6971377532809684,1.042819497292759,0.2646379465066435,0.4997600377526676,1.0,0.8379049160860197,20.0,1.7441160375217222,0.9888976458180152,1.0,0.9855162690886724,1
866b1e91-f3c8-4884-aa78-0d0b53c13b20,12.74677848815918,29.85471153259277,24.95009803771973,29.0,3.4217968930800757,11.0,3.684268249819676,22.0,24.0,11.832837104797365,2.7154186392823854,15.0,40.422765862815474,7.588078547044857,6.618550293015019,8.049388493649076,25.0,8.453350121219131,29.0,0.2417232297492717,0.17731379532034447,0.07461761131457377,0.5056858165791352,0.7097021947595704,1.0042403202058865,0.2251477817260994,0.6386486845339931,0.9465955623028626,0.5915934159907493,15.0,3.120622932910919,0.9677676212163407,0.9535019933935586,1.0,0
873c1263-d757-4dbf-9b48-facf75ab003e,25.75462913513184,117.17578887939452,26.03394889831543,29.0,5.023793188911496,49.0,6.2338166254939456,42.0,8.0,7.802248477935791,8.659454333059715,20.0,33.13608305156178,7.178650281350421,8.439264675529063,10.590263757587282,21.0,8.39596245008484,23.0,0.3212866500834867,0.2416298053534416,0.1487992170642718,0.4444274461853014,0.4297970238190299,0.6862923644385163,0.31856551911218944,0.32453279619035497,1.0,0.4911558491184902,11.0,1.5319255915555088,0.9788597951784676,1.0,1.0,0
8745e5f5-648b-4d46-bc7d-045fa6e2d628,40.51315307617188,115.87201690673828,49.7091064453125,46.0,6.621494900385539,48.0,9.798059617678325,53.0,16.0,7.909682750701902,4.574910546143849,28.0,47.968739820845826,8.365608769271786,9.056758328834135,9.617130534369416,26.0,7.674214375558709,31.0,0.3540608649438548,0.1933028202681164,0.3011439571732948,0.3688488632072137,0.3955549277674389,0.5397932395713086,0.26231923175610183,0.33941347530455024,1.0,0.3084636550906782,20.0,1.4196882496277492,0.9851952005975836,0.983440824586135,1.0,1
882b9ac4-ac7a-4108-9644-83d3544f28b4,28.705623626708984,46.09744262695313,51.86946487426758,50.0,5.479028670260539,31.0,8.066222469394024,55.0,20.0,22.11735343933105,5.491877910036307,23.0,36.02776706930364,8.576756431267249,8.527721914164719,8.173581745141433,21.0,9.467838807313829,26.0,0.22499467361608871,0.16148838644449126,0.2830811411437867,0.4378144601998976,0.3942756428734125,0.7835180905400161,0.346269778825145,0.464821792681032,0.9606817681685912,0.5912803496285236,19.0,2.0849563998098555,1.0,0.952164724648514,1.0,0
88e11414-10e2-49d4-a004-e6af569ba0bc,3.6263487339019775,2.420313835144043,12.630350112915039,14.0,1.6813554622625049,2.0,1.1451931736971204,8.0,27.0,10.867425918579102,1.2320073046966602,17.0,36.069377593742864,7.5817906109413356,7.643941534620069,7.129981480544488,25.0,8.745443252028899,24.0,0.07643208753743025,0.10212931828216633,0.04317159200089871,0.34285286907599993,0.2659343668768292,0.5575244941248438,0.0874456697176903,0.3792073428950433,1.0,0.3578759610852194,22.0,2.6032973406346223,0.9964978959591196,0.9966070533285968,1.0,0
88e60419-1c48-4da8-af57-e6b4492554f9,21.054630279541016,40.987152099609375,34.37731170654297,41.0,3.572187747955322,43.0,5.195228974461555,39.0,11.0,26.02563285827637,4.233812080025673,28.0,44.41846462902562,11.206033088639069,10.343808884798685,8.688914770194266,30.0,13.319694800730762,25.0,0.5049838201557855,0.3360068816501113,0.2139865742640502,0.36939302188540457,0.4424632173125718,0.5460045268103896,0.2808022517168147,0.3284344676070089,1.0,0.3733945617944751,16.0,1.403660285949707,1.0,1.0,1.0,1
8ab14817-d7df-4452-af87-23795ee85434,175.29244995117188,134.73678588867188,49.24924850463867,52.0,13.845868794030922,52.0,13.520660150189732,44.0,25.0,13.363139152526855,11.598365993693818,22.0,33.52610922848042,8.094661415266572,9.918422043998165,9.278341970747535,21.0,7.376020917456048,23.0,0.20248950328734736,0.12567506420548225,0.2435972307696244,0.3380499885630034,0.3697548962514319,0.5829015013609582,0.2534924464262954,0.4070442994553504,1.0,0.3359368790314864,16.0,3.638562806816988,1.0,1.0,1.0,1
8b238303-9260-4590-adf0-82a76e3590f9,15.958603858947756,35.999107360839844,87.59293365478516,23.0,2.751238413982921,21.0,4.663839547170533,39.0,26.0,12.658530235290527,2.6479263160791664,28.0,44.0,7.498391590766673,8.096632956798828,12.465938237252683,29.0,8.629751604611295,28.0,0.1694773778399279,0.1462703791957951,0.14302738245348512,0.2433895054735393,0.2842033859780719,0.48309096695358267,0.16623768183194632,0.35967083140415945,0.9735219394720004,0.2990668176574888,24.0,1.7588427580065198,1.0,1.0,1.0,0
8b694c8e-3ce1-4e55-89ae-d034e1602bdf,22.001279830932614,13.254997253417967,15.745501518249512,26.0,3.0341198591582748,15.0,3.5489465019789086,30.0,16.0,8.311838150024414,2.042181022195931,23.0,42.555845661906424,8.02353335151489,7.8103511752694175,8.290899919165986,25.0,7.482067794911197,31.0,0.3305124014372143,0.30475070498883994,0.13751577707997886,0.4583950985442994,0.4953078855643666,0.7563753700058556,0.2917911930140855,0.5533798127426536,0.9520089569471898,0.5057259359286005,18.0,1.6983307003974915,1.0,0.9679046822471314,1.0,1
8baf61c8-1ad8-44e0-86c0-f29c6d564cb5,23.206989288330078,21.8597412109375,26.825641632080078,44.0,3.8076884768058346,40.0,4.202954124851325,44.0,44.0,15.855742454528807,3.467515107897139,23.0,36.02776706930364,9.751475885210514,9.285412930775227,10.681423572874742,24.0,10.709427157093872,23.0,0.2648435150405137,0.9951247634568541,0.17948820750743655,0.2919989770232034,0.29441091801473285,0.44523668096004526,0.8201793605429492,0.29927395688440456,1.0,0.2519206089301625,21.0,1.7582769188069807,1.0,1.0,1.0,1
90550db0-af30-495f-8d7c-5749577cdae2,649.5682373046875,652.7938232421875,598.4291381835938,55.0,16.847345011023915,55.0,34.82532761833247,55.0,54.0,115.4144287109375,28.147223937511445,35.0,65.08456038109192,9.75458479204545,8.766646809109726,8.087243657005216,38.0,9.638996410210385,46.0,0.3593693867780197,0.2355701075546129,0.3840272659851759,0.3753526939815368,0.3840723370940056,0.5798110475460289,0.17928503442112842,0.3907981750425257,1.0,0.31232999338722073,16.0,3.7077175739933463,1.0,1.0,1.0,1
921384fa-b421-4344-b17e-8754c2b70f89,486.31353759765625,387.5472412109375,483.0271301269531,49.0,63.084011642138165,39.0,66.86548478206,44.0,17.0,22.55325508117676,37.11371876001358,19.0,33.54101966249684,11.265364580385018,7.175640196872002,7.681418434104436,24.0,7.535697000649362,24.0,0.11530200227804488,0.11853791043104522,0.10278313248233896,0.1357277768995658,0.14673303740923144,0.27342242814815637,0.1947828050570254,0.2000481530827122,1.0,0.1804650074386019,23.0,3.3160746514797212,0.978584095116022,1.0,0.9459327654994374,1
94c5b58f-e328-430a-bfd2-ba06e02d582a,10.738335609436037,20.637514114379886,11.649826049804688,22.0,3.592426297210512,25.0,5.637348572413127,31.0,3.0,2.5471115112304688,4.327918591953459,29.0,42.16633728461603,8.44235967205851,9.421838913923377,6.547098382547613,24.0,10.686453502827144,20.0,0.32853649671320634,0.17090809915915672,0.1659509370395964,0.3699146789475217,0.3134391304601359,0.5749760256230074,0.22276499135881667,0.3288264612050977,0.9489328089023455,0.3790513200902426,12.0,1.0280342322020304,1.0,0.9144647819428128,0.941076129813316,1
94c79a45-0524-4528-b050-0eafd8221a23,5.375065326690674,8.548590660095215,4.700533390045166,17.0,1.6270453018300675,29.0,1.7142671311602873,12.0,24.0,6.317485809326173,3.344607304124271,27.0,39.92492955535426,9.448172034952812,7.824712703409615,7.018419771450238,24.0,8.855826403078234,23.0,0.30022106909983765,0.27682297949053136,0.13007850286490766,0.559351341925563,0.5113565518201885,0.8897018424902868,0.25262028069974685,0.6764574031691192,0.946398270729884,0.4648547414994848,13.0,1.8736100328319214,0.9784211165047764,1.0,0.9735794020454112,0
953cdd15-5346-471f-abbb-9c13e815dc21,11.332758903503418,10.471272468566896,3.805180311203003,23.0,1.831894420847601,23.0,0.7750343344345385,10.0,24.0,30.16878890991211,2.1389822154020774,23.0,37.013511046643494,8.724864641966596,8.911070958203833,6.54445775499356,25.0,8.297240671429925,22.0,0.35906698699407624,0.3796842321277244,0.12199876631437745,0.457802911045638,0.6155332043305856,0.8901910120291718,0.15938808149194886,0.5796782477104018,0.9639254910929541,0.4529883136778883,20.0,5.106347953178445,1.0,0.9864310691424432,0.9834263624092784,0
986bc332-f3a4-4552-8b2a-c69a9d5e4989,20.729225158691406,9.089600563049316,23.867605209350586,42.0,3.8949757969897725,23.0,4.9333120066186655,37.0,12.0,3.460965394973755,2.3795130874799644,22.0,43.22036556994862,8.351375916304638,8.277779481910628,8.754702793817891,30.0,10.420151806143776,22.0,0.3222036216032192,0.2582150551451886,0.1575059387397264,0.2949022122160877,0.37343566243194304,0.5141372320866834,0.2371264100520638,0.37703281678146056,1.0,0.303754612717904,16.0,1.2680420985688334,0.9617493056023586,0.9357600773528554,0.9410999707155182,1
9884c3bf-86bb-4370-acbf-19db34cf297c,108.68521881103516,38.09574508666992,87.20284271240234,45.0,4.857717123660413,45.0,9.592707947060303,51.0,18.0,9.664055824279783,6.859015092089936,27.0,41.15823125451335,12.41792439378997,9.096310261170643,8.94060840290873,33.0,9.681959558257933,29.0,0.24169936774517475,0.29405617528309097,0.24693813258981304,0.2665426239386701,0.3824880621164095,0.5023786247154304,0.3246894332791964,0.2538018759407186,1.0,0.28535186431924553,19.0,1.2370722673751495,1.0,1.0,1.0,1
9a201650-4a5b-4637-ab5c-828d8f3823c5,39.46464920043945,28.93073463439941,47.82634353637695,50.0,8.79844006425456,26.0,8.541525568813086,54.0,14.0,10.256001472473145,4.527030247214594,20.0,31.76476034853718,9.718290202412822,9.934493768084845,8.370911504027472,21.0,7.696648056649882,19.0,0.09051551164996384,0.12892170481612608,0.12743391948662264,0.1899642413212923,0.18156949339569925,0.45328701128926385,0.13724954835068534,0.15631817955917246,1.0,0.4075696668935427,19.0,2.325215594548928,1.0,1.0,1.0,1
9af869f8-7cda-4f0b-83ea-b77b9c12838a,5.281328201293945,8.694591522216799,18.21194839477539,12.0,2.150206689323698,19.0,4.207982128574734,40.0,6.0,4.0387864112854,2.9365797752425786,25.0,38.80721582386451,7.737695005653623,7.968944810653197,7.612917567547501,21.0,7.152101406218578,27.0,0.35391594308624275,0.1539181476653786,0.13251929219316438,0.4033364458979589,0.620798590359343,0.7663063562062256,0.27530037746620306,0.3455406485838298,0.9821683835112722,0.3867008267771772,16.0,1.2887325620367414,0.9792940587089471,0.8695116900741252,0.9549695804277,1
9e82654e-68eb-457f-8607-d740c56d8829,40.60039138793945,39.18952178955078,66.06441497802734,49.0,4.948826692722462,37.0,8.29087953655808,44.0,6.0,4.674429893493652,4.901527698393221,20.0,31.559467676119,7.505712917930543,8.143757809793785,8.368301627447265,17.0,7.814808942189152,25.0,0.2962825551475513,0.271914095028578,0.142426938930022,0.43359769262752906,0.520276419322358,0.6393451496903041,0.20411647799900454,0.4199604576508259,1.0,0.3877315245852455,12.0,1.1063611656427383,1.0,1.0,0.9491827134421792,0
9f8cbfdc-3e66-404c-8447-7a1569543ff2,30.33327865600586,24.32059097290039,25.286376953125,28.0,6.667680435237431,43.0,6.854941302112171,30.0,13.0,3.8073818683624254,4.406067589918773,21.0,33.61547262794322,8.854106824152996,8.768024124162134,7.9466452883035785,21.0,8.620205024416913,20.0,0.3631254529995857,0.2405498577825376,0.10015739932338276,0.31832752031716144,0.2925417847995257,0.4704848148073182,0.19663736713420574,0.3072395447243058,1.0,0.2964828678068516,15.0,1.4943254419735499,1.0,1.0,1.0,0
a07c589a-e016-4c98-970c-53dd52d696d2,31.977230072021484,23.48825263977051,31.60872840881348,41.0,4.469360485672951,37.0,3.830585587079878,36.0,28.0,13.97895622253418,2.9390834941540236,34.0,42.731721238442994,10.86066959512179,9.735287328955614,11.187094955696482,25.0,9.113542473256725,28.0,0.5535589948028535,0.22249802914299788,0.270902066266241,0.4877533936799037,0.4786131044390869,0.7222342844865102,0.27396593546319536,0.4106035059677173,1.0,0.5330018658834533,23.0,2.3340687948612517,1.0,1.0,1.0,1
a348996c-2256-43b7-80b1-a2a9bd6fba5b,35.46333694458008,48.83111953735352,97.30838012695312,46.0,8.919896172625679,19.0,6.660167193838528,18.0,19.0,21.410255432128906,3.2480102820055827,26.0,32.95451410656816,7.710506959351111,7.900332763413453,6.460957984800478,20.0,7.668056034068692,12.0,0.09492584268454683,0.11435442204377788,0.12957186371781693,0.13132357105667308,0.1452069345710624,0.22337541310451653,0.5339137654285688,0.12926640976191198,1.0,0.12396444938900092,19.0,3.5021355226635933,0.9788031340259674,1.0,0.9658787434769466,1
a4b3bf42-f9b2-4d33-ab37-37c8e9a6c431,16.212438583374027,69.0433349609375,114.15999603271484,27.0,4.349512917654855,31.0,18.927538556712015,50.0,15.0,27.98507881164551,7.274463453463146,26.0,44.46346815083142,8.12630597731526,7.668477635194795,9.072916023890096,26.0,9.667989384093481,25.0,0.3147179944679086,0.14857937603579252,0.17715025109840132,0.3365929985611443,0.28630135213719154,0.4641488390384954,0.35599302340416306,0.2432384747221533,1.0,0.2919285701275564,19.0,3.676293202808925,0.9745224673305078,0.9361430064614604,0.9018802491555188,0
a50dfd03-6211-47ff-9d94-8026c65eed93,96.78726959228516,182.53831481933602,232.00587463378903,49.0,6.160525530751329,47.0,8.129891997668892,54.0,21.0,22.589134216308594,6.252995257556904,19.0,32.46536616149585,9.322516414256555,9.194163069060174,9.01722616633358,22.0,7.802014949489786,21.0,0.2435142679823914,0.18935281473397367,0.16675525110848155,0.5455072024508238,0.6724059513165829,1.0364140121384897,0.2573334203376809,0.4637693381478911,1.0,0.7632555827712362,18.0,3.0367969481740147,1.0,1.0,1.0,1
a7e4e513-22c1-4b68-a1ad-90eaf0e6a7e6,45.15176391601562,68.92860412597656,279.79647827148443,36.0,5.097767383972211,24.0,11.96502489296358,35.0,28.0,35.182891845703125,3.681853904430546,21.0,34.64101615137755,8.367106845090925,9.103444189896965,10.068488820752648,21.0,8.88519745041232,20.0,0.2745858893786095,0.18625237603101247,0.3032134346683888,0.2638801829148737,0.2620427219703416,0.4271503318423197,0.26059616150518805,0.2349054480497313,1.0,0.3393256542436684,17.0,4.070730035874381,1.0,0.9718070120298452,0.9631155056825134,0
aae2ab26-754f-49fa-bcf0-bd403bc9d548,52.49406433105469,44.34212112426758,83.81986236572266,50.0,6.365350559542451,54.0,6.223736753192129,46.0,19.0,11.450230598449707,6.152657445473007,23.0,33.97057550292606,11.28899482638486,9.30252488095359,7.993361137312757,20.0,10.328704224319532,21.0,0.4221548243732607,0.4728336285480497,0.20877020994409146,0.4664587877834336,0.3224363802442113,0.7134038632119617,0.3675082544509208,0.5122271489766816,1.0,0.4159616737140574,16.0,2.0438115875932237,1.0,1.0,1.0,1
ab69ff0e-fa0e-423b-ad54-af8f0e7cf7ae,8.935569763183594,4.601908683776856,17.30061149597168,38.0,4.573614627122879,4.0,6.718705505132675,35.0,0.0,1.9272521734237669,1.4966403022408485,15.0,37.54996671103717,6.120203625861485,6.220758263364428,6.371216321984325,31.0,9.505611759256475,24.0,0.14961120240618542,0.3873143764470283,0.09428234196692488,0.1882645632523513,0.15711344064869376,0.3566775039671889,0.2237234111183386,0.2384509918674993,0.9186744677070704,0.2463627441161877,18.0,0.9640322308987379,0.9710461286797639,1.0,1.0,0
ac7c3961-9268-42b7-aeb7-fc4c49c7a6bb,113.20841217041016,295.6757507324219,110.7923812866211,52.0,8.894408478564069,54.0,11.178422650995067,55.0,32.0,39.71816635131836,5.682390617650616,26.0,34.36568055487916,11.068231837028323,12.111769422086848,13.23629766094438,22.0,10.280032496319015,23.0,0.3723796220341851,0.21354420058347856,0.2980897245586277,0.19743972214907327,0.2820092716475567,0.4203880160926204,0.38730772384727374,0.36497965003386096,1.0,0.2141543922056591,20.0,3.798642143716976,1.0,1.0,1.0,1
b1f4d4d6-5247-48c4-9990-28a13d34fc19,54.9664192199707,35.21565628051758,65.43093872070311,50.0,6.3620276495030055,40.0,4.79889867792004,51.0,19.0,7.222107887268066,3.1796905503461237,31.0,52.62128846769148,8.86585235147942,9.113016216006043,8.466631202251403,36.0,10.780341029632824,36.0,0.28741275246846765,0.3361088286325282,0.3185311928329461,0.5849438391251147,0.5399319642506127,0.9115507153919861,0.37319231706324396,0.5551603028042721,1.0,0.6211824875136821,20.0,2.0133328293499195,1.0,1.0,1.0,1
b3404b35-b8f8-4f14-afc6-92f0d1bdf920,46.48323440551758,90.06812286376953,93.86051177978516,51.0,8.857032345400917,47.0,13.384596778286827,55.0,12.0,5.514729022979736,10.744928979211384,24.0,40.52159917870962,6.118213537933129,6.908116533472861,11.604078225561187,24.0,7.78490656090806,29.0,0.30380673056294083,0.22224699998783093,0.1988803530017504,0.4879597334839605,0.4133849983268075,0.7512009363409873,0.247555475535964,0.452688863405646,1.0,0.5014195622268023,13.0,2.0151483135090933,0.9643786012069367,1.0,0.9372177516256472,1
b4b0028f-bd8e-4e25-8da2-64252f48c827,9.5997896194458,5.718142032623291,8.817100524902344,27.0,3.336863162262099,10.0,1.8215933559196336,29.0,21.0,10.72262191772461,1.9811676293611526,23.0,38.39270764090493,8.079570576589783,9.75984838545662,6.402897626637842,27.0,7.30724855219323,24.0,0.21202389826594856,0.12769392714310335,0.09364664461704644,0.24146398873174665,0.3072776424694344,0.4891287941719404,0.21689862075322847,0.3648103833006645,1.0,0.3748894385786864,21.0,2.7764398881367276,0.9824773362794228,0.9739233822019938,1.0,1
b4bb8c67-33ac-4333-b1aa-6b79babc40fc,21.907268524169922,16.819395065307614,123.33837127685548,42.0,4.406329375505448,23.0,14.52176592350006,47.0,21.0,24.0229434967041,5.569750827550888,20.0,36.124783736376884,7.351742412245665,7.821479953572398,8.15132231687001,22.0,8.440839047876917,25.0,0.2883489456148255,0.20247511766663664,0.11865394469296042,0.2642107779295199,0.3649402911887573,0.49952809515284463,0.18371485859256487,0.2347290320592545,1.0,0.25070924013700496,17.0,3.3459034144878386,0.9886283718931173,0.909623290229081,0.9400571305709572,1
b562b352-4ce7-4754-a2c3-1d799bc5fb33,31.138975143432607,17.23982810974121,36.90251159667969,32.0,4.71362893184026,17.0,10.197581346829732,40.0,14.0,19.31864356994629,3.9941819429397585,21.0,32.83291031876401,7.308227834220079,6.452991233586654,9.224067479287498,22.0,8.389511783560005,21.0,0.33394997712058155,0.08302883542798051,0.1326963405198308,0.2766266485045465,0.3977362760748887,0.5010930281477928,0.1924207790186243,0.2692833588538132,1.0,0.3328333647562506,21.0,2.423049340645472,1.0,0.9611067946758814,0.9543313177996801,0
b567f243-d7c7-4a75-8dda-389de317a210,25.964580535888672,47.14959335327149,53.77538299560547,46.0,7.087627152601878,25.0,8.611805480150949,53.0,8.0,9.39698886871338,5.817788413592747,20.0,38.691084244306204,7.555249218684761,8.304099939563917,10.605586991820134,25.0,7.463065832015622,26.0,0.16010298527674116,0.10964030782806923,0.13606184739424965,0.238208586509504,0.2454647055754366,0.4930481336291465,0.2281602215320373,0.336212207456832,1.0,0.3122872497673911,17.0,1.6175161060832797,1.0,0.9705235342051768,1.0,0
b72761a5-1b95-4a71-bf37-4d3364e07bd7,10.486884117126463,7.206539630889893,7.770200729370117,30.0,4.9757094427391335,30.0,2.7169798380798764,32.0,24.0,8.03754997253418,2.624243320138366,26.0,39.344631145812,7.67107637326386,7.180253215955807,9.233278590911532,29.0,10.229973351524363,26.0,0.13225132800209527,0.2341758714040405,0.20868332563571268,0.3719439361881028,0.2952443754959967,0.630743601826008,0.32702706971814743,0.33946784613056746,1.0,0.5537526796299828,29.0,2.2605103425405644,1.0,0.9646336826032882,0.9800641198542328,0
b7d23036-b895-498c-b16b-8af848719df6,163.68991088867188,169.41339111328125,59.38659286499024,42.0,12.042834847262412,43.0,9.511728261456344,40.0,16.0,9.723603248596193,15.991876340273654,21.0,31.272991542223778,7.842085930981407,9.475875992723191,7.649412481388166,19.0,9.833290838564366,22.0,0.513409986250033,0.16371149800819862,0.19764545388101612,0.3716957024084034,0.4545580099499129,0.5534100626619999,0.3165329354773583,0.2305500634987601,1.0,0.3000103842787824,18.0,2.049198575995185,1.0,0.9670691177977404,1.0,0
b9be7d5f-ba98-49d5-a77d-3ac5a8bcd939,135.99864196777344,98.98175811767578,98.04539489746094,49.0,9.878935406847697,36.0,14.32390496498201,51.0,22.0,13.622570991516113,9.644293743662718,28.0,28.89636655359978,9.282695351419598,8.32733327023224,8.958447755570758,22.0,9.253407967701465,19.0,0.29001681526295786,0.12655289769655098,0.14314534216596075,0.2082914172159621,0.27486712870257296,0.4211986096838503,0.3772718580859432,0.2285361871282763,1.0,0.22277239849514824,16.0,3.3498204205094315,1.0,1.0,1.0,0
bae1bf32-94bf-42a7-96d0-ee23fd98245e,29.01181030273437,19.718942642211914,20.34262466430664,36.0,5.89277494936199,21.0,4.13165311846923,37.0,34.0,33.30648422241211,2.6811135841922447,24.0,35.014282800023196,12.595830780093126,9.14061558494835,7.724571348188109,24.0,9.612633514531908,27.0,0.3458949681050647,0.4230299231905964,0.2285722779127075,0.3835203745809639,0.4501876691746519,0.9220395940582263,0.29586944159291817,0.5180592202300105,1.0,0.7600047842547744,19.0,4.0631057520161615,1.0,0.9932699555346156,1.0,0
c128d96b-4c6c-434e-9fe7-111096000775,12.81184196472168,59.8951416015625,33.585811614990234,23.0,3.4163977396157055,27.0,5.141078614526325,34.0,27.0,5.966959476470947,6.255197876857387,20.0,34.336569426778794,7.5145536146062915,9.221573205768983,10.616009252275544,21.0,6.265587362592333,23.0,0.2883414173616952,0.2440677795998849,0.23882421835957104,0.5662640102980337,0.5062957714905809,0.7423325652280609,0.31157872856370417,0.4693021114046863,0.9674973898029092,0.5163751332380913,15.0,1.6810454196400113,1.0,1.0,0.9902250132618976,0
c1caeee0-2ec4-4ff7-aee4-2acf69b75054,11.04759120941162,20.0222110748291,17.380544662475586,19.0,1.7949265580391511,41.0,3.6896110337693244,54.0,9.0,3.655575275421143,2.912150293821469,18.0,27.367864366808018,8.336432744452441,9.366018756386733,8.588262774468006,20.0,9.22136113917926,15.0,0.1330900457200218,0.096094571709731,0.2652959386285302,0.43827456779144747,0.4458882077762792,0.6731928258374151,0.2126209703536961,0.3040268683901356,1.0,0.488398451805051,17.0,1.2436380521394312,1.0,1.0,1.0,1
c4a83e44-8d35-44ac-a84b-a9c2bdd2df47,22.696258544921875,66.80841827392578,436.690185546875,36.0,5.7582168361315365,50.0,19.91853855550289,49.0,26.0,89.84729766845703,8.488827125384258,20.0,31.400636936215164,10.558807805716409,7.38103154567686,8.794639555929214,22.0,9.853907331600631,19.0,0.2409915498334392,0.16121204872036932,0.11436985237256235,0.2334263956730021,0.25935734370802105,0.4286579445147369,0.20117355884837573,0.23649817001665024,1.0,0.32592617854349193,20.0,11.546145659226637,1.0,1.0,1.0,0
c562a123-db42-4e70-870c-d9e2df1f7eee,48.49640274047852,14.582801818847654,10.514812469482422,32.0,6.059728992836816,28.0,2.2988743725277128,20.0,4.0,5.698526382446289,3.0679522355397544,25.0,39.30648801406709,10.656623790983428,8.328305472441247,8.610435462237922,21.0,7.609556645687202,28.0,0.42053035766458857,0.2566991035376942,0.2774401823829402,0.7046756917902113,0.5744175879653561,0.9681292289736938,0.3269517349509915,0.6810489668594715,0.8677552157878928,0.5906517376490782,15.0,1.005832810487066,1.0,1.0,0.911394019676242,0
c5ee5543-8fb6-4dd2-9771-62dffcf4d5f1,57.38678359985352,44.59750747680664,7.712024688720702,23.0,7.60762723783652,34.0,2.750992678105831,11.0,24.0,11.347224235534668,16.420102884372074,11.0,25.729360660537214,5.138454107331992,9.466287298133992,6.25804394281774,20.0,5.572562953203032,21.0,0.10474727813083318,0.07035018388997016,0.02722115482471732,0.27398969906839576,0.31960408763158443,0.48001785571268607,0.06621964017595705,0.19270673310887385,1.0,0.3671516128828101,9.0,5.51636666059494,0.992059442344028,1.0,0.9942411915257824,1
c6548713-d5a1-4704-b2b9-200ce72603b4,18.47814178466797,14.811108589172365,24.80506134033203,25.0,2.699598883278668,23.0,4.925926705822349,38.0,18.0,6.915641784667969,3.3475738260895014,21.0,32.46536616149585,7.917162668218856,9.884080048851889,9.131071944047184,20.0,7.243510960657933,22.0,0.3780228447864548,0.292856723268927,0.07426588305455839,0.4069460478937248,0.5621195844646018,0.7570635796590871,0.191891036548218,0.4827915109946129,0.919460154601342,0.4021297615175023,12.0,1.0951161799021065,0.9975025997993858,1.0,0.9979644024346664,0
c6c900e8-3356-4457-b029-4b9b7a629656,11.534502983093262,28.24877166748047,11.87224578857422,24.0,5.934303784370423,21.0,3.9543933033943177,20.0,16.0,6.416500568389893,7.333474349975586,21.0,34.72751070837067,7.8076229962442545,6.986004371208586,6.736176790757921,19.0,6.564399140473784,21.0,0.2497474059691438,0.12580568678561987,0.13976488454925318,0.4064384287603789,0.4481653445321727,0.6592738351801621,0.18184680021069166,0.21837891799333292,0.9469703831616659,0.4508653913321312,12.0,1.9056970417499541,0.939815649342417,0.9000913313824387,0.941146013419076,0
c84db6e4-4691-421e-a654-a6ebc51fdbbb,18.447139739990234,48.59395217895508,51.44683456420898,45.0,4.276738804330429,46.0,5.196226022392511,35.0,18.0,9.84779167175293,4.991191352903843,34.0,60.049979184009715,9.862957128020074,9.828036225044658,8.19336114123912,35.0,9.695420793349644,35.0,0.4174330335755838,0.3608972404422063,0.18945880126450546,0.42699180145945936,0.514466952762897,0.7626266883193051,0.30019682790485913,0.3850099593130148,0.9520422496666135,0.4107195533226053,23.0,1.6039231255650521,0.9744356855512978,0.9166792246201844,1.0,1
c8fe27c1-2e47-42a5-a087-e02d40d0408b,22.58033561706543,3.247685194015503,6.297971725463867,32.0,6.494819197965705,18.0,2.817943232214969,22.0,5.0,3.380120277404785,1.8551031040108723,25.0,40.162171256046406,7.216726124872578,8.616236788604862,8.483491476150224,23.0,7.326076530817206,27.0,0.1774990315517594,0.15295484229443218,0.21026944254727692,0.4007109189778667,0.3373452281623598,0.6641147692337703,0.3351489605914729,0.44376288272383657,0.916730352359592,0.4534938628421093,20.0,1.1475665724795798,0.9778276380804052,0.9721923336547976,0.9489946781707044,0
c959f434-9f57-4730-b4c1-804789db0a33,5.934196949005128,21.57258415222168,26.310077667236328,26.0,3.1161079542203383,17.0,6.667059036818418,35.0,3.0,3.3017945289611816,2.655194428834048,21.0,32.46536616149585,8.054929899830382,7.971341074846232,7.035822360519227,22.0,7.237866020430359,20.0,0.15698712990111094,0.13373980662151064,0.05522766077691388,0.31064928940080794,0.32125921699885257,0.5293093740269618,0.2584468821929583,0.3464524993966521,1.0,0.30878463324873523,13.0,1.370877656069669,1.0,0.9602285143785578,0.9612826735917712,1
cbcbdf73-e3ee-48b1-a2e8-80ee5d37b722,17.65208625793457,24.38851547241211,43.24489974975586,39.0,5.8128052571167546,38.0,5.907922280331452,38.0,19.0,4.365689277648927,3.9501986602942147,23.0,40.52159917870962,7.897221532284569,9.677739720871465,7.9690887607587655,25.0,8.107782334447403,25.0,0.2402862698386881,0.2404621776234749,0.24019782542523824,0.3609365337964699,0.44862666356144004,0.7290444566888227,0.2759304929247406,0.4706368953451153,1.0,0.4281780505736759,19.0,1.7967634722590446,1.0,0.9766159713611796,1.0,0
cbe5c928-4865-44b1-a46f-8ddd4855cc93,110.27484893798828,234.3836212158203,419.6157531738281,46.0,7.688281096996517,43.0,17.425854858181893,53.0,24.0,11.699684143066404,8.830350562519984,23.0,35.34119409414458,10.098340622073167,10.475110326400639,9.928279915304149,22.0,12.745982183863129,25.0,0.21634284451871533,0.20545554490729426,0.21603967091988768,0.3399569037575411,0.3432408780948721,0.6847184720856275,0.3211731776282618,0.4927986649194063,1.0,0.4274618817670456,18.0,2.230478410600522,1.0,1.0,1.0,0
cd970c0a-5414-4a79-8778-9ecd7c377584,9.237377166748047,15.140043258666992,5.439538478851318,29.0,3.6476087868213654,24.0,1.9919289080869584,4.0,23.0,10.204051971435547,2.459424297724451,24.0,41.593268686170845,9.161855406106582,7.9731787540333245,6.272214074990194,31.0,9.211068767532405,25.0,0.19699314848189475,0.1776777098812342,0.17340580953398232,0.2107497098010077,0.2659940429970914,0.44457936853829805,0.09160461713363144,0.31606150665125743,1.0,0.3207193246884236,27.0,4.305988174109232,0.9789300304864628,0.9625826598179386,1.0,0
cdd1c5a1-d698-413c-b04e-7e71c841ccfc,13.513392448425293,25.007854461669922,49.80171585083008,44.0,3.713880266745885,40.0,9.477614546815554,54.0,17.0,11.54429817199707,3.6910543302694956,26.0,34.36568055487916,6.336777873092957,8.474292917494255,7.022389283366652,26.0,7.491606526985667,23.0,0.11601495184527764,0.3123823117034609,0.12573832324161205,0.22184757804594807,0.24316426768761884,0.38248294521098997,0.24885139298250725,0.27747296781455044,1.0,0.27785478216885395,21.0,2.2007171134154,1.0,1.0,1.0,0
ce5cb455-f71f-4727-94d5-13f860bf4ce0,28.70556449890137,7.832552433013916,24.67262458801269,39.0,8.116497487197687,35.0,4.671981339469368,52.0,10.0,3.4978623390197754,2.9446257213015614,33.0,53.5723809439155,9.806961992146054,11.307445127402215,9.736992463123794,31.0,8.494862142860699,34.0,0.4952898215805365,0.3039170146979521,0.4411482198511645,0.6122605763277075,0.4376752718892701,0.8388570044225644,0.3509729917679662,0.5797213121377024,1.0,0.5248316560659676,16.0,0.9308876402584123,1.0,1.0,1.0,1
cecd4031-6182-4015-a4dd-12c52b73ba81,1.7488034963607788,4.895956039428711,3.9023122787475586,0.0,1.5316538214683533,14.0,2.859443962574005,3.0,16.0,7.743504047393799,4.265962839126587,8.0,24.041630560342615,0.0,5.614022098714626,0.0,15.0,0.0,19.0,0.0330579303228723,0.0,0.0,0.037760709612290236,0.049351953238528784,0.11729072730841796,0.017076273156473976,0.08146696305993255,0.0,0.0684443814631363,0.0,7.03787899017334,1.0,0.9696684828505908,0.982923726843526,0
d0ae0ee1-165b-4e5a-9caa-ad8a17688445,70.95071411132812,139.54435729980472,104.46019744873048,50.0,6.701380206602756,39.0,7.4472247090573624,38.0,30.0,17.118276596069336,5.893278829405241,23.0,36.08323710533743,9.599503700359069,10.712196076318756,9.924205649253095,23.0,10.689713443127998,23.0,0.3416314683891998,0.3067100774896964,0.2644674569138279,0.4447359847962311,0.4643322013491453,0.8517286443280131,0.2450725242704951,0.6268482526197163,1.0,0.4635204716790302,20.0,4.783046236662107,1.0,1.0,0.9734597016480716,1
d2952892-cd20-4d2c-826e-b068596ef45a,16.14674186706543,13.178139686584473,46.39578628540039,45.0,3.65441096419155,25.0,4.424358931508395,47.0,10.0,7.8552184104919425,3.008484671611597,26.0,48.579831205964474,11.122580480931845,10.468795590650567,9.503743898957508,28.0,10.254190201564255,30.0,0.35225043271441137,0.27617814403637897,0.23582230013043515,0.3874440678939591,0.4044113167054701,0.6572177269749493,0.2724764363587212,0.4085207948664542,1.0,0.4373599443949929,16.0,1.0999941493910137,1.0,0.9457559796417694,0.9641342824372812,0
d30caa3b-06d9-4d36-8412-f99124083b60,24.41845703125,6.944615364074707,16.11290168762207,22.0,7.477978870272636,18.0,4.741631213575602,22.0,14.0,8.657485961914062,3.0012034873167672,34.0,41.23105625617661,5.890893595904864,9.38545201557641,6.927625097871449,20.0,10.403084316887641,19.0,0.3031362133089389,0.2250581568735104,0.3889561258953233,0.4431779644655977,0.3765376063266216,0.6521671161723256,0.25307513310394525,0.2841267278581968,0.9117815616563408,0.4503480664496517,18.0,2.764101351300875,0.9874085168603152,0.9845034980757637,0.9825886326419421,1
d38319c6-eb38-4a14-b362-ba6c34559c28,22.836515426635746,48.60940551757813,61.68450164794922,45.0,6.845989085379101,38.0,9.728322792620887,25.0,4.0,2.6470882892608643,6.77944464910598,20.0,35.805027579936315,7.742328506298195,8.233332322945158,8.551170308193804,21.0,9.03856749420697,22.0,0.3842819048917903,0.16391503574478095,0.14908125386023965,0.3306305971769768,0.2513296434700003,0.505211848625467,0.2507368557624483,0.37305399413870455,0.9449686559779054,0.31669047605425793,11.0,1.316839093253726,1.0,0.9521134824937254,1.0,0
d3d7f59a-bc4e-4de8-9db1-00f0ec11f687,28.242305755615234,13.592927932739258,40.59242630004883,33.0,4.91311435516064,21.0,6.9192301241251135,50.0,13.0,7.821676731109619,2.9319363924173207,26.0,43.88621651498338,6.860175257692984,5.751638820591549,12.071184141972344,26.0,8.085222996736851,25.0,0.2384599039826361,0.0951429513084121,0.1986033419568537,0.1896995654578292,0.1678210202596822,0.3452991141238831,0.22320198480976627,0.16874189500261286,1.0,0.27449810446621514,20.0,1.7275903958540697,1.0,0.9808177642842372,0.9708085792243386,0
d45d88b2-c933-4422-ba68-20a78d862371,19.2302303314209,12.691240310668945,8.80550479888916,16.0,1.8769881226446317,23.0,2.0161730465681655,21.0,21.0,17.732948303222656,2.562677761134894,25.0,41.593268686170845,7.933658793625535,10.538755348751366,11.191231186135502,26.0,9.544321083882052,25.0,0.28035531696820937,0.32952701882779845,0.2488237125000408,0.44622763810730814,0.43193777170027337,0.6816814032079805,0.20606921108994306,0.4875262464425576,0.9327423192180798,0.39784414459553497,20.0,2.397307644935622,0.9741341218746342,0.9742759861947649,1.0,1
d7d6f17b-3fb3-43c0-af64-65203eac196f,7.256836414337157,5.861205101013184,9.93150520324707,21.0,3.517002832144499,15.0,2.697922980412841,22.0,15.0,7.428310871124268,2.240247182548046,21.0,29.546573405388315,7.485190452963014,7.743418010169309,9.70535531102182,20.0,6.4029928640276905,22.0,0.3237226815480338,0.2131949271449292,0.12463759921259633,0.27906631448321195,0.2657564670392773,0.5065878098051209,0.22551662011071405,0.3466764572066846,1.0,0.31157933501134755,12.0,2.157552664168179,1.0,1.0,1.0,0
dacd2d5f-d133-4c09-9dc3-b3dddc9a426d,14.39747428894043,7.264587879180907,12.432183265686035,21.0,4.144253958355296,19.0,2.116433318591479,20.0,17.0,14.120306015014648,3.2937846490831086,22.0,36.40054944640259,8.612541464780113,9.931585709102468,8.565924919196352,22.0,7.6942664162579675,23.0,0.4566152926883871,0.4014424885593952,0.3243513143408663,0.7572021688599889,0.6458777722324763,1.0368974160627313,0.35389256902445426,0.4731134288579954,0.9366507589170646,0.8252603710316201,18.0,3.936656159885002,0.9607968692343792,0.9602271584025728,0.9691319695249514,1
e0c07194-9e79-4674-868d-b05d480b90a3,8.623368263244629,9.504315376281738,13.818868637084961,21.0,3.1625247365898557,22.0,3.0058402634329267,33.0,20.0,4.580430030822754,2.950513939062754,25.0,42.15447781671598,6.8868753560416085,6.775992432229582,6.465186782245859,24.0,10.166363619319528,28.0,0.2847076513610384,0.30279049266162705,0.13132681345723174,0.31422432262893685,0.522842849680629,0.6247156852737766,0.1345151296086915,0.3624379513329513,0.9188065708051644,0.4590648055040629,20.0,1.9037504179610147,1.0,0.9259949039576018,1.0,0
e2e75720-d0a2-4b73-b93f-0d6f97a7acf3,95.13842010498048,24.52934265136719,65.03827667236328,45.0,4.461720449345134,42.0,3.763012438455475,42.0,17.0,11.868932723999025,4.931479267149328,26.0,41.12177038990418,13.255299611745075,11.359460575837685,8.771274198205662,24.0,9.037634382916925,27.0,0.4470039574146181,0.3078644090292245,0.1870359724507401,0.3966962849554565,0.4169463377741141,0.6062291712474029,0.2719381641663976,0.3356109105703359,1.0,0.4412600835270644,24.0,1.4821974507002074,1.0,1.0,0.9814202538258668,0
e31788d0-7834-477a-a718-fef116c04816,200.3141326904297,213.0399169921875,121.30076599121094,52.0,36.81739150856932,51.0,27.788401561478775,47.0,24.0,14.719995498657227,41.07508917090794,20.0,29.29163703175362,8.719841716979671,9.879199687955033,8.55775537200036,20.0,10.525892670684618,20.0,0.2813214480509311,0.07069479706021152,0.1448756781532824,0.17925377929459527,0.2881909328857527,0.36351179953648155,0.2684482415489451,0.2433662940697601,1.0,0.1691854941512581,11.0,4.425055300816894,0.9773557778900572,1.0,0.9650197453636796,0
e9d63346-1c6a-40b9-9fd7-5ddc308b45e6,19.174619674682614,8.932916641235352,9.931062698364258,25.0,3.0170869529247284,14.0,2.855336378018061,22.0,13.0,4.009017467498778,2.583952689018005,20.0,31.016124838541646,12.542094893778112,7.183056568966704,8.137146904360932,21.0,10.30938286028355,23.0,0.3562524440042017,0.2862112719390585,0.20615441878501128,0.3857557251705067,0.3914535932084869,0.6054715393338702,0.2763789220493718,0.4361313371028376,0.9111089086061148,0.36843010951289307,17.0,1.3368125347754893,1.0,1.0,1.0,0
ea66cb62-1e80-4a09-a98d-e589925c957c,33.74356842041016,12.233343124389648,79.5172348022461,55.0,4.191670654818069,18.0,3.772622464354648,54.0,26.0,27.378328323364247,2.053933057414238,24.0,35.62302626111375,14.71488461807917,8.85623647677495,8.910459871001791,23.0,8.947716089388265,24.0,0.29281535981788875,0.3271307225832399,0.3523664169333991,0.5835252750860135,1.0876949503455815,1.266309627171389,0.26573557734179365,0.656994163632337,1.0,0.7077166578559372,19.0,2.043274574371618,1.0,1.0,1.0,1
eb7f61f6-821a-44c6-85bd-150ae55b6c9f,6.525834083557129,10.715518951416016,20.120555877685547,15.0,2.8131403028964996,29.0,6.307672800123692,29.0,15.0,7.684010505676269,2.560238829255104,17.0,32.71085446759225,8.859079012000652,7.633621381842246,8.044880816933919,25.0,8.238673273786732,21.0,0.12071197588238147,0.19722505262113127,0.12289573269432352,0.15897838885412804,0.2192125337566631,0.3391047270143172,0.26073899800547184,0.1598805713087858,0.9515566954047182,0.2857585058660388,18.0,1.3225324347615242,1.0,1.0,1.0,0
ec5dd8db-c41e-4879-8bfb-c26eacc64f42,46.96990966796875,31.73563003540039,141.53823852539062,46.0,5.653413673578682,42.0,8.537290269035404,55.0,31.0,16.92984390258789,5.332959020541886,22.0,30.14962686336267,10.80592739375083,10.884059199946472,7.594836564398018,19.0,8.193002471978682,20.0,0.4831658778411859,0.2935534596491809,0.19731511647119426,0.32745544837647306,0.30427442596113746,0.561780070840346,0.13927910434744015,0.39783189038398176,1.0,0.35691386001083564,12.0,2.3158904170080765,1.0,1.0,1.0,1
edfab0c7-6bd1-424e-b459-6417c5a726fe,36.70721435546875,27.34126853942871,43.83294677734375,44.0,5.902629429643804,28.0,11.116641793738712,28.0,26.0,9.954689025878906,3.72695433641925,13.0,28.178005607210743,6.1472577233523324,9.23899256156744,8.81001240932643,25.0,7.710305905808576,15.0,0.040272480915359184,0.06500122283854093,0.06229735221122845,0.12472401474573712,0.1313800961464706,0.2843741249972533,0.10202726134831086,0.1498451385305937,1.0,0.2114892976213176,18.0,4.063078851410837,0.9786971386855148,1.0,0.919286411953388,1
ef22d62b-28f6-49fb-814a-f0d5b7f15171,9.539812088012695,7.750102519989014,4.415561199188232,17.0,2.947519381841024,7.0,1.5800296030938625,3.0,15.0,4.884288311004639,1.745068073272705,14.0,31.080540535840107,8.101161338136615,7.12949388887279,8.149703398115388,24.0,7.549235176214719,19.0,0.07285649701318507,0.06692552128895657,0.0570598473024635,0.14747743843941996,0.15765949945404187,0.3916705997902304,0.10960749493258236,0.17955025467780775,0.9718882415245156,0.3212182032537337,18.0,2.1887818723917007,1.0,0.9862015329550072,0.9825068609673632,0
ef5b9927-f533-4936-9524-e53d2406fac7,37.59623718261719,28.376771926879893,37.815673828125,51.0,5.366061260438945,39.0,5.651922773824979,30.0,20.0,20.65028953552246,4.651803034625641,19.0,30.298514815086232,9.54188213058628,8.379511942651918,8.613119577878972,19.0,9.416314209918307,20.0,0.35662607326717216,0.3185477444830537,0.1668420278246071,0.2982669098293353,0.33698926006064234,0.4395644485795861,0.296576858721342,0.2293725396006928,1.0,0.2695302320348401,11.0,1.6202559542574295,1.0,1.0,1.0,1
f11551a6-a9d5-4226-9772-3ae2fa997b14,5.731552600860598,13.60930633544922,28.935779571533203,34.0,3.014345594578319,23.0,5.340667559040917,30.0,15.0,5.798206806182861,3.490413616100947,23.0,41.02438299353203,7.131669258470908,10.170202574980845,10.378001591262525,24.0,7.21897344256439,26.0,0.28157313102429593,0.1530544329740292,0.08597078509745337,0.28957202004185245,0.3624412654301024,0.5524174692946925,0.26253180125372244,0.2625128591147189,1.0,0.3929895192835852,15.0,2.0830329118503466,0.9774211254416072,1.0,1.0,0
f2a19126-3eeb-4588-8290-4c41b8f6582f,141.7102813720703,126.906982421875,110.65412902832031,52.0,19.499406897320466,55.0,18.645478093624114,53.0,31.0,30.913658142089844,16.4478518464986,20.0,32.37282811247729,9.932911147342665,9.166437039569415,8.938645434652523,21.0,10.309685086484064,21.0,0.3936248292954401,0.17684728076444212,0.4037945651469456,0.4754109324431202,0.3781365168084917,0.565113812289695,0.35146584455093444,0.3905015149572069,1.0,0.3594628391171913,9.0,3.1260443388539203,0.9680613359263892,0.9453889753036221,0.9599287114014436,1
f690974e-8179-4564-ab89-1302590861c4,14.32948398590088,67.87166595458984,45.24266815185547,20.0,5.570287654797236,29.0,11.004624485969543,20.0,21.0,6.578086853027344,14.021114269892374,19.0,33.91164991562634,6.584543490974263,8.279267641423225,6.704434035527748,21.0,7.1439723927439385,22.0,0.4674247682724665,0.12006520407549448,0.1211112617203728,0.2478890521795299,0.4089718335021884,0.55679600455891,0.2435159189019525,0.28047324189087874,0.9291078390603768,0.3415620812041658,12.0,1.9533100326855977,0.9693147002843886,0.9460290363560674,1.0,1
f87dbecf-5af7-4645-b2f0-fd0a2707f0f9,32.031139373779304,14.877471923828125,295.567138671875,47.0,9.640168832029616,27.0,21.985341285807745,49.0,35.0,47.20215606689453,3.3025838945593153,26.0,35.41186241925155,8.07440565728901,8.736297002523006,9.642505128030482,20.0,8.715806305220264,20.0,0.15207953346090064,0.16605993021649512,0.2609149021908288,0.34779845439354745,0.2415222046984329,0.5544168369176711,0.19757278236440445,0.2781617442657204,0.9515085861875242,0.4143321104168197,18.0,8.58331458568573,1.0,1.0,0.9790716290060996,0
f8cc1925-9a7f-40d2-bd56-2511350c3315,5.998865604400635,30.47838592529297,13.108575820922852,23.0,3.510722569624583,25.0,5.58327465057373,26.0,1.0,3.6540639400482178,4.461819144090017,22.0,34.77067730142742,8.122064997485246,7.6927094150414295,7.135600775029071,23.0,6.9273488180150204,23.0,0.4875127691800782,0.4927378906331363,0.18540835522739665,0.3982542214730636,0.4501903020320787,0.6133727013555416,0.33231534596702084,0.2864538479080573,0.9331862849356516,0.4515646191859505,19.0,1.083297034104665,0.9687675117385504,0.9585359787058204,0.9583676323463052,0
fa735991-ec53-4763-9fa1-2fb499e3efcb,9.592029571533203,18.314376831054688,109.37728118896484,32.0,1.9964995461826522,19.0,4.902409349878629,25.0,29.0,43.44446563720703,1.8475344392160575,24.0,36.98648401781386,7.6795130376739715,7.456445298617718,7.06581566945211,27.0,6.904214706973518,22.0,0.15404454726361871,0.2730186745393688,0.1381631365913386,0.18369798746650626,0.2322221406772787,0.3148680025152492,0.2905671409170867,0.179093135229365,0.9653669958134145,0.2002069448190588,27.0,6.221642419695854,1.0,0.9916538611811252,0.9796651796728232,1
fd8938df-cccd-4cbe-b7cf-fa7102147481,22.91432762145996,28.36515235900879,83.06450653076172,24.0,3.765463580255923,42.0,9.959403886743214,51.0,10.0,7.394639015197754,4.903171600207038,17.0,37.107950630558946,10.351814933390411,9.882842682635957,9.199157121236226,25.0,7.134221551523535,26.0,0.4033289632325211,0.12669921122091787,0.0701084628475307,0.485390772140249,0.4672964744309789,0.7093866189401024,0.2066319127405445,0.31868371590573763,1.0,0.5495017176360055,15.0,1.4728052940057672,0.984865080236326,0.9754927848768316,0.972376938964234,0
ffab2631-dfe1-4f5e-bd9e-f763e8aede19,43.9042854309082,48.64292526245117,59.02009963989258,30.0,5.025395326529231,51.0,6.201303969536509,53.0,13.0,11.352478981018065,4.76386573101793,20.0,33.67491648096547,9.985568482281245,9.581838574051313,8.928367492314825,23.0,10.129612394514263,21.0,0.2328840111496349,0.22573943885474024,0.12570162565053122,0.2837522593225804,0.4181949842799902,0.6539260927305165,0.22754919415683594,0.29771683248811964,1.0,0.4426788406920826,18.0,2.4177445092371532,1.0,1.0,1.0,1
