healthCode,mean_x.max_freeze_index,mean_x.freeze_occurences,mean_y.max_freeze_index,mean_y.freeze_occurences,mean_z.freeze_occurences,mean_z.max_freeze_index,mean_fc.no_of_steps,mean_y.no_of_steps,mean_z.no_of_steps,mean_AA.freeze_occurences,mean_AA.no_of_steps,mean_x.no_of_steps,mean_AA.gait_step_regularity,mean_z.gait_step_regularity,mean_AA.gait_symmetry,mean_x.log_frequency_of_peaks,mean_y.speed_of_gait,mean_AA.max_freeze_index,mean_y.gait_step_regularity,mean_AA.log_frequency_of_peaks,mean_fc.speed_of_gait,mean_z.gait_symmetry,mean_y.gait_symmetry,mean_x.gait_symmetry,mean_AA.speed_of_gait,mean_z.log_frequency_of_peaks,mean_z.speed_of_gait,mean_x.gait_step_regularity,mean_y.log_frequency_of_peaks,mean_x.speed_of_gait,PD
0160664a-f4af-4071-a4aa-2967f3ea0503,8.076214042993692,8.666666666666666,7.380293641717006,6.961538461538462,14.076923076923077,11.46262873059664,22.671209867183727,14.871794871794872,12.948717948717949,4.730769230769231,5.794871794871795,9.73076923076923,0.4691167804940018,0.579430071322349,0.04549490404095369,5.686034454534465,0.32183172349083594,3.4518835571331854,0.8462308136411477,7.260215565919381,0.5027233906220473,0.20115789893121067,0.08956812031189501,0.046226010851031715,0.2389503636412344,5.752488209185582,0.1825366646732479,0.8884113619822199,5.695080840148532,0.3299903869495633,1
02baa3a2-fb40-4a86-94b4-0411125179f1,2.709206837273779,6.833333333333333,1.864611138900121,1.0476190476190477,0.6666666666666666,1.3562668746425992,24.910912253023078,16.333333333333332,9.547619047619047,5.9523809523809526,8.738095238095237,13.19047619047619,0.5438110573932541,0.6583153660656323,0.0553034628329694,5.234927409622395,0.36821433260909825,3.6382898844423748,0.7260007229734236,5.982463648628206,0.5117516130365639,0.0435678259057639,0.10355529018184384,0.053734705846123595,0.2105654069010526,8.384732295233007,0.23469755984351104,0.7113931124217194,6.948011727106964,0.24994078946433973,0
036c4104-b14c-4352-82da-7148a2e8f449,4.478431869227931,14.254716981132075,4.313271416808075,4.415094339622642,1.1084905660377358,1.6925511762218655,23.568347225035726,17.632075471698112,10.235849056603774,3.759433962264151,9.14622641509434,9.320754716981131,0.5248207980108219,0.6881980375440825,0.049072260823407376,5.46468654883953,0.23423911290366048,2.561236763056719,0.6701958791338551,5.69184350539949,0.36016340705350325,0.06393266889516663,0.14889323031408266,0.03694071429908838,0.1816619549567894,5.363565678167468,0.19663645745704342,0.7144269970780072,6.328216208717201,0.18391314852929116,0
05c7ec40-2ea0-4714-910a-d818bd47e503,3.9136316498120625,9.1,3.8977004528045653,9.233333333333333,2.933333333333333,2.4821214358011883,21.645736851407637,11.066666666666666,14.2,2.3333333333333335,7.733333333333333,9.7,0.4956487333252443,0.6639109236594594,0.02328126805881092,6.10870493591491,0.30404442795312103,2.194666490952174,0.786668678880156,6.12407983477018,0.5584848382411844,0.0977310432898205,0.0513617252765896,0.03283073594689966,0.27317833849414047,5.355563269463425,0.3386903672313512,0.7836183296411956,7.261265845006735,0.3114692894869387,0
080274a4-cddf-47b7-9b8e-679153859229,1.9138034146565657,1.1923076923076923,2.2350512078175178,1.3846153846153846,4.076923076923077,5.380193254122367,15.161083566587724,8.038461538461538,8.038461538461538,2.3461538461538463,6.038461538461538,8.307692307692308,0.48884211329231986,0.7366393065222119,0.018832937348035143,5.114416281058302,0.1871695274573623,2.289784538058134,0.8239973915035391,5.70844636391308,0.2995555259482928,0.011809940296292594,0.013948590267203046,0.021272250453895667,0.13156684150073225,6.795387051986784,0.14073127788969697,0.8588576008348837,4.6076011846552785,0.17740156347813707,0
09592ab5-605a-4df2-8fec-d21b63f542c7,2.833782797509974,4.863636363636363,3.392237893559716,1.0909090909090908,1.4545454545454546,1.3424962027506395,24.509117759582946,19.181818181818183,11.0,1.3636363636363635,9.090909090909092,8.909090909090908,0.5806446988347592,0.7964131605350016,0.03895506982651292,5.949096135031489,0.20974336990949558,1.8773204359141262,0.8560279354860899,4.929567371266223,0.30555095664986204,0.041044461723681196,0.07813106179438091,0.04825027064352338,0.12570812278657406,8.075875691024995,0.17775439920359637,0.7756820402963748,6.993212201975498,0.12771425121203295,0
0a623a36-ea3e-4557-9579-ae960c77f4d7,4.681512975692749,14.175,10.6933573782444,14.95,12.95,8.278488516807556,25.10808117522254,13.075,15.1,0.8,7.925,13.25,0.7559337939632486,0.7510946888153545,0.058984923575714984,6.281084177472566,0.17736733312539016,1.452539397776127,0.8810989485115173,5.4504499186849635,0.3077663598103709,0.12852167092917002,0.0874355368195503,0.07191150042069319,0.15703552531092418,6.229558151951207,0.1443944782486134,0.8733989523668988,6.062046357137074,0.18130553924753706,0
0e8e18a7-c48d-44a0-9674-3d20fc6218c1,2.8236968626401255,4.026785714285714,5.027576080257339,2.1517857142857144,4.964285714285714,3.1567360229258026,21.632471420704842,13.053571428571429,10.223214285714286,3.919642857142857,8.830357142857142,12.044642857142858,0.6301955177822782,0.7939102093832734,0.0357016118014586,6.9079584872525714,0.20694818494782904,2.417079385103924,0.9017072805140433,5.534074647292932,0.3164953761857876,0.04082148479933055,0.03917690775356172,0.027505205978998366,0.13923983590118544,5.897745354272515,0.1466939595055881,0.8367269983284719,5.660684616928683,0.17991436850383133,1
0f5bca0c-0745-4a0d-af3a-e400fad16df2,7.022849264740944,11.0,6.919719317555428,5.25,3.2,3.72044373601675,30.419973033074985,18.6,16.725,6.175,5.95,16.0,0.40156871118920456,0.7435691520729499,0.04284962979146809,6.2522355620927,0.24660129771891487,2.8278373941779136,0.825158879619029,5.695176011861083,0.3411763476020427,0.08959594319283393,0.10671455321590222,0.06757904769822458,0.12573903716195495,5.862624976269958,0.17387922314216703,0.841342075958611,4.923043217293363,0.15039426377577908,0
0fb2371f-2456-430e-a9a4-f0cfba39ae30,8.231487441062928,19.5,13.836938961346943,27.733333333333334,15.766666666666667,4.869482386112213,22.013394402858825,10.433333333333334,14.7,0.16666666666666666,7.266666666666667,10.666666666666666,0.641847032423352,0.8028865971316398,0.06318089748541321,5.548901443700014,0.08609445456656613,1.1878199776013691,0.8041067970356776,5.83478835753905,0.1968376701874885,0.07982201970071169,0.03898647218404906,0.028594876645990436,0.1139471572072149,5.605973567776348,0.15481435603166746,0.7960957038310448,5.818815873824717,0.08280375123947731,1
1137bf6f-92b4-426f-acd5-87fcaacee4c1,33.71839090533879,36.78260869565217,33.88274220798326,40.608695652173914,12.91304347826087,9.381842439589294,29.264352881797535,16.02173913043478,16.08695652173913,1.1956521739130435,7.978260869565218,17.08695652173913,0.7626192045074268,0.8006032180187732,0.05974999652240369,6.84940825282479,0.0999410176506599,1.715098781430203,0.7897193241962954,5.59070338751199,0.21034585181464788,0.05739362998555182,0.048169981813940665,0.04441677239284159,0.13589653394359794,5.900893823377086,0.14633298250103963,0.8700599221142281,5.762104134917737,0.10987021803163553,1
116072b2-8c6f-4d85-9ee2-b94d02b9e754,4.285425434852469,12.086206896551724,2.215502174763844,3.3620689655172415,1.4310344827586208,1.7109216698284806,20.6431083920004,11.620689655172415,11.758620689655173,0.5172413793103449,8.362068965517242,9.672413793103448,0.4750547074752595,0.7514635783125809,0.04296126829657349,5.239099580310941,0.20603902993442544,1.3425485532859276,0.7406889878782725,5.173276810459147,0.37558187806220067,0.041415593249365064,0.04664666437785739,0.042299786564435095,0.18536916304203702,7.318140833354701,0.21735451055248287,0.7576341478636702,5.607199474684888,0.21645707715908322,0
15b05838-6779-4cb9-bc53-86571636c633,2.337531459682128,4.598039215686274,3.330588480421141,7.549019607843137,10.450980392156863,4.185551295093462,26.152285885810763,14.892156862745098,14.098039215686274,6.53921568627451,8.284313725490197,14.833333333333334,0.6559512798502664,0.7718442558880816,0.05629766071517838,5.995760045032865,0.23552598253571358,2.9178607545646966,0.8690217635614889,7.301719259019245,0.39834375770976793,0.06187610566744678,0.05368818467601111,0.03522492058228196,0.1655349605922334,5.841509414599414,0.20229706262656502,0.88859944986181,5.3363820714476695,0.23580005431815454,0
15cd9496-900a-44bb-948b-12a24b101615,5.958474513994256,17.18781725888325,6.239345254631817,7.01015228426396,2.4289340101522843,3.0441696489522907,23.434437680528408,16.467005076142133,10.436548223350254,1.982233502538071,9.428934010152284,10.357868020304569,0.6599881361443141,0.7056164971101119,0.05288550901146502,10.669702292873176,0.17417987178398192,2.230410948168808,0.7547184958055191,5.972776533658591,0.26930235984342554,0.035450669901946195,0.076852840339443,0.03534149931886405,0.14743713332731131,8.804024508057626,0.14341592388734464,0.6993041620001959,6.936421147848116,0.14329995316108096,1
15f3fcdc-93e4-402f-8526-72e06ace8419,2.8448448572307825,4.458333333333333,0.7759713530540466,0.08333333333333333,1.6666666666666667,1.832068644464016,22.010890991500364,13.083333333333334,8.875,6.916666666666667,8.666666666666666,11.0,0.4844859158952371,0.6540235752266857,0.026153190036870905,5.98301472231361,0.20398124686745092,5.028017168243726,0.6715584088422117,5.5437405637359,0.3270359856505656,0.025774763328665004,0.027791000848083267,0.039401471305003544,0.1204695111536836,6.341068194879949,0.1500460951451522,0.8004075983826001,6.636817730552991,0.1789294810013735,1
1c10a5d2-ebff-4d88-b54d-5aef49de4b6e,10.057958920435471,13.709090909090909,7.851948569037697,9.590909090909092,4.427272727272728,3.1795719409530814,22.07630541139559,11.927272727272728,10.99090909090909,2.881818181818182,5.945454545454545,12.972727272727273,0.6058755170501323,0.7675304616408145,0.032023660386740406,6.0357219735369645,0.1374754501501764,2.503423377329653,0.8653386791041457,5.109597223717819,0.2300610293132617,0.06084876004127488,0.0393148742876953,0.03664437325097297,0.11340730246312745,5.801885331312762,0.11366693809401694,0.8615580185889539,6.61241542097472,0.14023231457343813,1
1c3d5685-0354-42fc-b882-cf2d37be1e49,2.2583761404861105,2.727272727272727,1.610771887681701,1.2272727272727273,4.045454545454546,2.410070373253389,24.251421184932042,11.772727272727273,13.590909090909092,7.5,10.181818181818182,11.363636363636363,0.6392337520859265,0.688976346126919,0.05147335344941945,4.327839843773029,0.15175264340843278,2.8347421342676338,0.6424886628434818,5.230638605412009,0.2902012807195207,0.07077331120961097,0.07060072835400323,0.04892325104269597,0.14706592872706978,5.572620630664177,0.176446597748172,0.7401570212108705,5.1877194936329385,0.15392596880929096,0
1e0888df-7059-4fab-9dd7-b0b6616442e6,5.320061722397805,17.8,13.958182817697525,28.95,6.4,5.182410654425621,28.810541003212006,16.0,15.85,4.575,8.375,17.25,0.7919290041036837,0.48559978464415565,0.09911096708771519,5.194007948285901,0.26827599520021705,4.682625173777342,0.7642146356540673,4.989818079258008,0.4072362182882827,0.20910273396035337,0.07952059833812539,0.07602297721929303,0.28655498089670245,7.206746185055724,0.2008913026334458,0.8231065872547889,6.211670259057881,0.22549964482053508,1
1e5a92b9-37fa-4351-b5c5-28964fb42f7c,5.279922412708402,6.21875,7.71536417119205,7.84375,5.40625,4.336424171924591,14.057125697812614,7.5625,7.09375,4.5,4.9375,6.875,0.5294239517630627,0.7473895369822503,0.02585216151290884,5.631895553831312,0.2244339402521941,3.4416647758334875,0.657008531700573,4.957930982623687,0.3853887134810881,0.04402310453688182,0.07036331331223904,0.0230464763988303,0.18251856288357152,4.608556283459139,0.19761861448241078,0.668552701309136,4.859708021068539,0.23019131121656705,1
20b09fcb-eb66-4282-b53a-51aa24f1f9d2,4.135051642145429,8.333333333333334,3.787455286298479,3.5952380952380953,1.6666666666666667,2.4233080517678034,20.581154534599065,9.523809523809524,12.952380952380953,0.2857142857142857,8.119047619047619,10.357142857142858,0.6229149324666677,0.46382869744799604,0.09985989738293843,4.900464350022395,0.3107764764351953,1.293403922092347,0.722215109654373,5.3509816664671765,0.5843747145764076,0.14506356052154906,0.09867007761722095,0.04347896874947336,0.34271023199712036,5.349184537944614,0.38199276770867857,0.6315276155928209,5.96041148219964,0.30560113146673956,0
232cdb63-b154-4db1-9119-2eb2e10daa57,3.272279956936836,11.575,3.5189678564667703,4.15,5.75,2.9997002601623537,25.852573068233824,15.675,14.8,0.1,8.45,11.45,0.6670795428792863,0.5160626978368421,0.0875855551564841,5.134804299900058,0.317987128246331,1.112090352922678,0.7068231660961973,4.991280757733782,0.5613600138826518,0.1551581202857974,0.09216557035402417,0.0438945039112175,0.3209738156838077,5.5089855780283274,0.2939520605466672,0.734320267039885,5.254115300961268,0.34311489997744327,0
27567fbc-75a7-4288-b6d8-cdeb85fed36a,3.6856673564761877,5.6875,2.321144822984934,2.1875,6.1875,3.446616657078266,21.51563536831521,9.625,16.3125,6.25,6.8125,7.25,0.6920355052454873,0.9075656306647022,0.03407942291194811,4.415387432407947,0.12677037997348575,4.324787512421608,0.7547560015120206,5.645330223679938,0.22788782442941843,0.028792204948599492,0.03033940513175226,0.01954624610531626,0.08879877933682069,6.148999708870581,0.16236533111730805,0.7690969676887429,5.13895042297617,0.0917189582616006,1
2911f2f3-feb8-4de5-9ef9-3685e1fdbfa3,4.090646843910218,14.01,5.045164855718613,7.44,15.22,7.814995876550674,26.651548389039903,16.04,12.03,2.01,8.11,15.93,0.6279732156066429,0.7054878741573363,0.07433497736540867,5.27475693107484,0.29359281153453687,1.8341963136196135,0.7822637403036246,6.800029564342187,0.428576919162072,0.1149758396419249,0.14727460536594017,0.08405981836004855,0.24200588256523234,5.781849003505563,0.16862883684039254,0.838132299695739,6.367032506282761,0.2505755851835906,0
2a56117b-1b94-4ea1-ade7-e21533af0c4f,106.70607741089428,34.88655462184874,117.59469729862293,39.890756302521005,23.508403361344538,36.084266750251544,18.19294058101492,9.38655462184874,10.605042016806722,6.260504201680672,2.0168067226890756,10.092436974789916,0.24538022254659472,0.6810578779033372,0.0272288950246563,6.277621309664606,0.18255738900531038,4.538877307993023,0.8560611719706714,5.606936698419125,0.33886605631440625,0.09834832784698472,0.07514143535275031,0.07413375526059567,0.1740341176451715,6.749311453978921,0.21390562813834546,0.8251331687366233,5.966799551790068,0.18009064904166672,1
2baf381f-39df-467c-b87e-9f93658da1ea,8.245338775095393,11.418032786885245,4.964021225444606,7.836065573770492,10.491803278688524,6.615679181990076,24.70559335357988,12.5,14.80327868852459,1.4180327868852458,7.016393442622951,14.040983606557377,0.5742134207588638,0.6172591231339797,0.07963930365925287,6.129832092814069,0.24510534592883643,1.6420546432987588,0.7371342812004207,5.812426273633197,0.5194013861987472,0.14791799764522934,0.08399652899497821,0.08204835512826703,0.31445872053444235,7.261933153393201,0.287647523207925,0.7823538923789295,5.112666568207461,0.35142348038221727,0
2c67571b-9dde-43ca-abb1-e3d63ae3b2fc,4.651484172046184,8.875,3.376232485473156,1.4,1.675,1.9636545047163962,25.368504442765794,17.725,12.5,2.65,8.45,9.225,0.5570964412460176,0.6727884272170207,0.059190912878437155,5.379142337723305,0.36882240952869644,2.350552974641323,0.7588243502730408,5.9735520505003015,0.4897883500248413,0.08110559163327022,0.0971790398519651,0.0515876777968597,0.2333702641151929,5.546779423103816,0.25104523396120454,0.5359424648615315,5.813485703881124,0.18936828928094346,0
2f59d408-6513-4d04-b8d3-3a3d68d31880,8.812193858623505,26.5,7.687042371431986,18.6,4.633333333333334,5.719261384010315,26.271450891590387,12.233333333333333,19.1,0.6666666666666666,10.3,12.566666666666666,0.7622662654111365,0.8530496524316901,0.06085212490535198,5.525779307185853,0.21164842905121056,1.5997152626514435,0.9071588608971783,6.187224609914656,0.39954598388608326,0.05968552235622596,0.07319232413365212,0.05197401441538621,0.2090118931698353,6.172907479938155,0.28626341463736055,0.9194825629849652,5.947435915972509,0.17658332135406368,0
2fb2cbb8-e23e-45bc-a3e3-fb954e0f14a7,3.6774511337280273,12.5625,5.76750814417998,18.6875,2.3125,2.7959857458869615,27.3126084751473,16.75,16.1875,1.0,7.604166666666667,13.3125,0.5861137906045905,0.648052941238028,0.09069433564130926,5.08554130203277,0.3123450961376221,1.789249277363221,0.6509818578112779,5.350547290637636,0.5253737955792711,0.13507877508268937,0.17105655097327,0.05838815901667251,0.2709631553193364,6.263764614794139,0.3353073478825636,0.7966422013981161,6.593217023971454,0.25268470825959427,0
3070acf0-23ab-40c5-8afc-ba869e122c00,6.617697324071612,12.071428571428571,3.2629418986184255,5.057142857142857,7.614285714285714,4.47125364456858,19.456614144744535,10.485714285714286,10.785714285714286,0.8142857142857143,6.814285714285714,10.514285714285714,0.6322003141833298,0.5534693848474599,0.08477945568632211,5.4521885513434265,0.2860235790202337,1.4306523906333106,0.6861924533169175,4.591058342175637,0.5420714899146479,0.13359126382693065,0.09235104487652683,0.0642455264469435,0.3288091094635099,4.963034813315631,0.33959843973973164,0.6382689175473878,4.986078325578796,0.30105942913173517,1
3086cac1-f460-4210-b0da-29ba99eaac07,6.952436442059629,8.1,10.568066106123084,11.217647058823529,18.36470588235294,24.488266210696278,22.156417899955052,12.905882352941177,13.123529411764705,11.135294117647058,4.4411764705882355,10.023529411764706,0.3576125574847113,0.8372408228626194,0.015486461164638447,5.662034641216411,0.1011076038089382,8.50804989022367,0.8244711050773355,6.073268475634597,0.19127236014297266,0.07008000956468824,0.05305961189403638,0.023777796740884524,0.08355929392605776,6.139134383862219,0.12474528567176801,0.9205771931774949,5.287348221834935,0.09588283888965327,1
34094d7c-ed2b-4fc1-9146-635e608329d5,5.683224979788065,8.45,10.258236941881478,11.3875,14.9125,10.329657713323831,15.891048090423613,9.1625,8.375,3.0875,3.1375,8.35,0.3626393051092695,0.7833803759001478,0.007555599825777979,4.906478157105654,0.18708124447200353,2.801832619309425,0.8470964743940478,5.1591503409010135,0.3156342811246207,0.03772548735306375,0.025742604471343154,0.015375652256475275,0.13151552659682397,5.5564366659195015,0.12639504191459844,0.8815307084288554,4.948936324145692,0.20886433199735363,1
344b785d-d12a-47b6-95ba-fa05eecd7e8b,6.63348853800978,8.34920634920635,6.051193992060329,7.333333333333333,5.166666666666667,4.634421697211644,20.002547123512944,11.34920634920635,9.968253968253968,3.015873015873016,4.634920634920635,11.555555555555555,0.47441423486977036,0.7941472617798069,0.020958397945352262,5.5598959372164165,0.21042972383045264,2.649904579397232,0.8758244685596462,6.478464225486181,0.3166971730999311,0.041686586058844906,0.034279571332785884,0.03213162318747518,0.11987284308879603,5.20992183481069,0.13458690839191925,0.8768250153590457,5.832207163197942,0.18107604748604741,1
34e2480b-3454-458b-86b0-47e176741b60,5.569722721848307,9.930379746835444,9.516369462767734,9.487341772151899,10.886075949367088,7.212233937239345,15.254724207701907,9.962025316455696,7.556962025316456,1.4556962025316456,6.987341772151899,6.082278481012659,0.6080267088929794,0.6932767748284018,0.03600259191628417,5.853263837343034,0.15893527870499857,2.0077039569239075,0.8622556883887946,6.676820688916291,0.2507163887513692,0.10961096302039375,0.058385433614592405,0.019890813990318116,0.14227730258805182,5.9744812907376055,0.10709984741826443,0.6050859862993804,6.037762525531163,0.16043352662500626,0
3599ec25-58c9-4215-aac3-a1287f7a7601,15.337096697092056,13.783333333333333,27.836795904901294,19.55,12.316666666666666,16.202274763584136,24.187671699665973,14.666666666666666,15.927777777777777,1.461111111111111,7.055555555555555,9.561111111111112,0.7367194925392327,0.6401783582842118,0.08543769817824395,5.69573719611165,0.2886346684192998,1.866862943602933,0.6990166860928059,5.879921912027657,0.5347263783123607,0.19947592796663918,0.16973066440725734,0.04660358475908373,0.3777177351927975,6.284849290338223,0.39855943099798524,0.8431953205305021,6.424298481914108,0.1989632010503491,1
36ca2d1a-cf6f-4730-bdd4-ed8000409707,3.3272031169870626,5.5,6.570493041821148,1.1521739130434783,2.1630434782608696,2.5759448752455087,22.44018146319826,17.75,8.521739130434783,6.8478260869565215,12.978260869565217,8.16304347826087,0.605470235166118,0.7530496004014767,0.06915245304725776,6.1695047497183335,0.2137221164391456,2.9368666115662325,0.8603990018640696,5.721254981385824,0.2859456070555592,0.05168968480891177,0.07568839866204947,0.027147340846209178,0.12707071361999606,7.759906538454459,0.1320967045138702,0.7760871395029024,6.691684434383706,0.12669038606849037,0
36db4e88-0c6d-464a-9c5c-f6b128db78d9,3.9654018475163366,11.387096774193548,4.220811342520099,7.274193548387097,7.306451612903226,3.3492008015032737,25.494635168087964,15.758064516129032,12.629032258064516,0.11290322580645161,8.193548387096774,13.451612903225806,0.6916785123722953,0.5972899021370038,0.06686774763225393,6.5555458082768014,0.28232806615510564,1.0669553491377062,0.7509848422628793,5.956627705485504,0.46128928138317277,0.10740502862244343,0.1363693839140999,0.06336740567183846,0.27235567708237124,5.324884447166291,0.20469290940220097,0.8312275707495062,6.560671353100361,0.29185083043985494,0
3a5e8217-042b-419c-a4c0-682c15de975a,4.997465791446822,12.821428571428571,13.751837902835437,22.446428571428573,4.589285714285714,5.571410153593336,23.291806540866382,12.303571428571429,16.517857142857142,1.8571428571428572,6.5,9.392857142857142,0.6640930274376678,0.7134045423666772,0.08104337428343741,6.192746489088792,0.24624795675638328,2.1805834972432683,0.7947235015704823,6.430358218164198,0.404545185648813,0.14157329893566287,0.054646359844425445,0.10056466982294313,0.2308582530602729,6.7008830668276955,0.26355430169088034,0.7804229195578051,7.07727573640598,0.1796555379163718,1
3d476714-4de5-4cd4-b614-405397f88c65,4.76679446645405,11.630434782608695,6.7074439162793364,3.0,1.434782608695652,3.871188189672387,23.276992648100837,13.41304347826087,14.434782608695652,0.6086956521739131,7.413043478260869,10.217391304347826,0.6750314155395949,0.6507517907190324,0.04885555600736541,4.498643669174556,0.3200091008099202,1.675744274388189,0.7435345279839893,4.753226968224055,0.5814640875432319,0.12052219951694623,0.056638646878936084,0.015647407868757308,0.26614087898073785,5.635687109037747,0.30275828985764464,0.7701265536667724,6.1309747257403275,0.37353209779829183,1
3d4d0805-96b7-4b27-86fa-55638def105a,2.7865302711725235,5.5,7.565283659845591,4.125,0.25,1.5123871862888336,26.961586928620484,19.375,14.6875,2.375,8.5625,9.4375,0.6218278131103508,0.7822618597279903,0.02542420447223834,5.3433388293434545,0.18257534010310564,6.932179316878319,0.826031713226064,4.923659498136681,0.2517267544013112,0.07910438244348236,0.09789849593929872,0.032107269857650965,0.1058552989072826,5.414843954145717,0.12029467293213905,0.7426689832389652,8.806942292093147,0.12246105434545726,0
3d859196-243f-45de-b3b1-a0379b49d958,3.4552536976169534,4.345070422535211,6.009754540634827,5.591549295774648,3.2183098591549295,4.4622074235493026,19.83096989646509,10.76056338028169,12.028169014084508,0.7746478873239436,7.464788732394366,10.683098591549296,0.5890434623377817,0.6756705937140904,0.06131623031545221,5.292239363296965,0.317014807289979,1.4236538093274749,0.8178825045622299,5.780694279476233,0.5895312983527847,0.08538071321005496,0.08512834047295699,0.022829463512099676,0.2878222243823606,5.725488452205572,0.313380740886043,0.8828086855825071,7.295364633111513,0.3777163676787108,1
3dac38f6-abbb-465d-9114-7b4cfae5ed25,3.1277647593191693,6.678571428571429,6.261119442326682,12.535714285714286,10.535714285714286,3.7930841956819807,22.088139745522234,11.285714285714286,13.571428571428571,0.6071428571428571,8.142857142857142,9.892857142857142,0.6428118085318518,0.44232665041149394,0.1297525522752975,6.720018702010807,0.3286893756139087,2.0728722448859895,0.8405867217384152,5.238188868958812,0.5312544293426573,0.1506532803087875,0.07882344236747121,0.05277742137712301,0.28450067595611156,5.104980833676152,0.27503792675579947,0.7014459697844365,5.167145861894418,0.31002284045327216,0
3f68da18-e3d6-426b-801f-9d8ccd46e6cb,1.4246488325297832,0.5,0.9418453853577375,0.0625,0.1875,1.1655072178691626,16.210449218013515,7.625,9.5,5.8125,5.5,7.5,0.4571916349530523,0.6623260774739698,0.02360839534266292,8.068273572362243,0.23855882639294096,3.6091798432171345,0.697551292365502,5.187165068995115,0.424107434462088,0.028047128587727073,0.02407315225943607,0.012976971633715795,0.16175459802337772,5.4603559973104145,0.19599876085144166,0.6619489919901755,5.996689355688231,0.27507735374935666,1
416a984c-4a94-452b-93be-499c1ac374d6,9.383265481753783,26.863636363636363,12.216681577942587,34.36363636363637,10.409090909090908,4.816569466482509,22.871026213559016,13.681818181818182,12.522727272727273,0.5909090909090909,7.181818181818182,9.863636363636363,0.6608095775703191,0.6517993357453846,0.044820685325392434,5.100778156889387,0.15895821979484867,1.698543051427061,0.7414001333793607,5.266132710441955,0.2782790945648695,0.05165358878919773,0.031162759739416155,0.02208627736472585,0.19406373453446202,5.83100251327106,0.16459819393734668,0.5899197312866838,4.560177073648012,0.15363682329199485,1
42d0b82e-ad6a-4b05-8663-021ac575a5cf,2.1682715521139255,2.0,2.470202502082376,3.8823529411764706,1.4411764705882353,2.1111609374775604,19.55425187837606,9.147058823529411,10.852941176470589,0.23529411764705882,8.735294117647058,12.0,0.6357069790274401,0.6110623496989387,0.05564930421423477,7.418924220580936,0.2595045961342039,1.087091260096606,0.8538602802936713,6.682511467599514,0.5135183589188683,0.0630256094068057,0.048344603287404225,0.026545500034073407,0.27121596720108004,4.649007918607118,0.277784564151555,0.8621118000296917,5.823156418347032,0.33780917438722813,0
43294479-32e0-4589-92ee-269b36a70e46,4.588750692144517,10.85483870967742,5.587216681049716,10.32258064516129,9.274193548387096,8.329742148518562,23.19370075770577,15.024193548387096,10.03225806451613,0.9838709677419355,7.92741935483871,12.491935483870968,0.7092437773041543,0.6222139567601143,0.08052170510512252,4.914472046357871,0.24740283572060862,1.442463276246863,0.7045138584084921,5.604117166088296,0.4130533673669519,0.1073166422383183,0.14341441918685724,0.05548550588241499,0.26566919495054037,6.331009775618448,0.1882670067339852,0.7644301861104699,5.4073281515636715,0.25746079401339883,1
46715e2d-faf6-41fd-abb2-92c06fbab6d9,3.596087623997168,5.345454545454546,2.832686869935556,2.3363636363636364,1.940909090909091,2.574474654278972,18.769877333866827,11.322727272727272,9.336363636363636,0.2590909090909091,7.909090909090909,8.309090909090909,0.6542034588096179,0.5503066363151031,0.07307171111978794,5.857837388569758,0.2764623409488891,1.4369532132690603,0.7371064194322184,5.231160939024921,0.4713073480976088,0.05218676799516069,0.048184604480282334,0.02478231294118219,0.23520525567270387,6.389797131502925,0.27848189499316717,0.6633137903197794,5.8024823443611355,0.24599740526208116,1
4676049f-9697-4fd9-ba1e-f5dbfa395fed,3.4296643206396618,5.846846846846847,7.663924007802396,7.509009009009009,1.6261261261261262,2.7117312397505784,23.742672537839045,16.00900900900901,12.427927927927929,1.3783783783783783,9.576576576576576,10.243243243243244,0.6489767298429677,0.8062741513876335,0.019084778559026568,5.943945365193606,0.13210535757513675,1.9568005335760545,0.854424984854434,6.127923887707091,0.23446187304975102,0.027011841488915937,0.06656557116796574,0.02075877777671168,0.11662573683996834,6.327771856968961,0.15029478067001348,0.9047716259019034,6.238279336522659,0.11866386098696151,0
4775ac41-85b9-4e91-9911-c1fefacf5261,3.144664434825673,5.041176470588235,7.558906323769513,10.741176470588234,4.323529411764706,3.037483676040874,20.693784654827578,14.194117647058823,10.423529411764706,0.6352941176470588,10.66470588235294,8.382352941176471,0.6447716029481846,0.7271671504998396,0.05585323075003156,7.15047014542212,0.15696278491859572,1.7827370969688192,0.7562547608919078,5.661678538471078,0.2530704156124529,0.05566530674117694,0.08487843806612101,0.03293066733378222,0.15834384334297383,7.891815466457656,0.14709294111553053,0.7287016544536904,6.396584623382277,0.12995278967275886,0
4b29f163-61b9-4fce-87be-79688e54b37d,7.661070372377123,16.525974025974026,10.61865292160542,11.88961038961039,9.519480519480519,7.4619139649651265,27.891951754077887,16.162337662337663,16.25974025974026,3.655844155844156,7.564935064935065,13.545454545454545,0.6501471490032728,0.7052245454212989,0.058432732675008967,6.407313609097118,0.2566828079598188,2.6206775824357935,0.7826395013485139,5.432002470965612,0.40095225930579026,0.12745303875666802,0.12492105709129164,0.05061975262079994,0.21198223245920159,5.8961785464956815,0.2316160499354479,0.8302754731272627,6.264376087872174,0.18870268035464527,0
4bdc0e5f-8325-41d4-ae94-3d05b5230d97,6.709718386332194,13.666666666666666,8.092545370260874,9.333333333333334,15.0,11.480180939038595,16.635439601039486,10.833333333333334,8.5,0.0,11.333333333333334,6.0,0.8085937119863958,0.726228729163411,0.07860467517286304,4.737774511407779,0.14822793741928225,1.3115671177705128,0.8555623908123198,4.366572814181481,0.2788379152486544,0.02098479099521992,0.110290733959352,0.053592488724021725,0.17579275025184962,6.175048568444807,0.19494481132886662,0.6130741779426448,5.693192962408597,0.13133263075591373,1
4fa3f57a-e51c-4774-892b-c8a02fb7fbb7,4.228052913291114,6.171428571428572,18.848898982150214,8.685714285714285,2.914285714285714,4.844185449395861,23.033211615621763,7.042857142857143,19.242857142857144,15.271428571428572,6.2,7.828571428571428,0.47955986073632845,0.8804416462275717,0.015337969917036417,8.17153177077543,0.12350037731904612,15.73311904498509,0.4916678063954085,6.673739547246037,0.40737308211138507,0.04735593019317739,0.02228974036480816,0.008818500336917303,0.1404455146417463,5.458369115032524,0.3733882020762116,0.7133132789679755,6.549063383083563,0.1015607846388245,0
530bc9ed-d545-4252-9660-2ce2f916a9bd,5.767527371644974,7.875,8.718963265419006,27.25,7.75,16.323361106216908,21.130010304148353,16.5,9.0,7.375,4.875,9.375,0.5146357101895034,0.896740655887822,0.019948336362207844,4.330130497013794,0.07506519253169013,3.7462701499462128,0.9689418689130196,1.2971634231285163,0.13224734721144168,0.020628728155779284,0.0,0.015105416362137927,0.048665339986271205,2.688470611619305,0.07207934433602096,0.982655638200984,6.585135661332605,0.08104663701006566,1
5769ceb6-6c63-4c8a-a987-d2c9f186a166,1.6047142316401004,4.46,1.3327011515200138,2.52,5.8,2.905225335359573,14.826068767995885,9.0,7.7,0.84,7.28,7.16,0.5471583683847644,0.7035736942037962,0.027095843415368224,5.114161624019064,0.31142465809607855,1.3787607768177985,0.7305289514215338,5.761750609401197,0.49505035686997756,0.030068859293553567,0.027144016519942794,0.01967364000016104,0.22800880250553068,5.231221940603197,0.22199408652132496,0.748216495243755,5.056366941660804,0.28433155455174597,0
58ecd2e3-66be-4596-bc48-dfb2d009528a,1.1749850481243458,0.7711864406779662,1.969364191515971,2.7796610169491527,0.9067796610169492,2.144104253942684,22.0132179723884,9.14406779661017,17.54237288135593,5.966101694915254,8.5,7.11864406779661,0.6833669050634256,0.8459768634099439,0.02700758606123195,4.526702030678189,0.07988024344147308,3.182151642896361,0.6904979638249369,6.4954768242574925,0.19402071652285416,0.050012787055605606,0.02414174722196618,0.014459515279613639,0.07913782431790002,6.83017618748211,0.15838986966625793,0.7432318789817682,4.985338462449192,0.07618940736039584,1
5bf69ef8-c697-4f89-a46a-095cb42ae304,5.008949339389801,7.238095238095238,15.420827207111177,11.714285714285714,8.857142857142858,10.489677400816054,28.34933678874815,17.071428571428573,11.428571428571429,1.1666666666666667,10.19047619047619,18.571428571428573,0.8268102640182978,0.7778321064819267,0.05314210853583003,6.171850979016823,0.18785805662870153,1.474972386445318,0.7832760820313628,7.079672979524807,0.32679103426142775,0.11287282243869685,0.1054656535860634,0.08023198342891388,0.19450433903314868,6.4438488355968415,0.14244395866307233,0.8688060521064581,6.291135782541689,0.22345728478231464,0
5ce69643-aeec-44e5-a5cc-4c06d36f5979,21.03826480857597,37.1900826446281,28.060063441922843,26.169421487603305,14.826446280991735,12.237738036912335,23.562928252831313,14.59504132231405,15.669421487603305,12.557851239669422,6.867768595041323,9.136363636363637,0.8682827954484071,0.7397821217259121,0.06210715704141869,6.175998541861199,0.19472107552015827,8.387059085871563,0.7098571061541599,6.08868851019108,0.29777141813016045,0.15734548834973694,0.18415900283768985,0.0713491625989154,0.1826647384129391,5.882821933884299,0.17726287788399323,0.8896234658289647,7.082181111787234,0.1360059075573215,1
5d1d61c3-9942-4ccd-b65b-b27dc43887b1,3.7239628325809133,8.5,2.2065843668850986,2.1272727272727274,7.454545454545454,4.314172727411443,18.63098275939352,10.954545454545455,10.872727272727273,0.8090909090909091,7.245454545454545,8.181818181818182,0.6072248433296487,0.5448406489043967,0.08830271660582806,6.1026693838548995,0.2577246497103525,1.1622601075605912,0.8069127825370767,5.58544388925749,0.437804193559847,0.13879257544760779,0.058411186285514026,0.03910412989265337,0.24759788727566756,5.102368166630854,0.22782631984083138,0.7640617645675444,5.955184750002746,0.25936980000126586,1
615e9dd7-ab41-4326-9301-5aff56aaddc4,12.52283455133438,30.0,14.69660837650299,19.075,6.3,7.47648960351944,27.44909575806981,16.45,17.675,3.3,8.075,12.175,0.7650531584551019,0.8706561446882806,0.040153384211385444,6.113351924896318,0.17434636132711295,3.187052382528782,0.813434348450093,6.014267230058324,0.3325164585466421,0.0758672492649177,0.08933722281905707,0.036056832869438095,0.16202097590029524,5.820145576008166,0.24222958775622253,0.9239454464551322,5.784610783065715,0.14578025219969373,0
65981245-0d78-486c-8466-d705c022920f,5.612981848810849,13.039473684210526,1.607547763538988,0.7368421052631579,1.9210526315789473,2.1883275093216645,22.039172589307658,10.93421052631579,13.81578947368421,0.6052631578947368,8.81578947368421,11.723684210526315,0.5492688015801275,0.682950638247886,0.07263847958416736,6.583567870641359,0.389766700783227,1.20267248388968,0.786395005059227,5.698016596036881,0.7013477170536424,0.09184520913414929,0.07118617656910647,0.07787887920941454,0.3483483359156014,4.461070307905714,0.4439849469648373,0.7223377025509613,5.744832485804705,0.3716041238181418,1
66af2645-3e24-4db7-b17c-bbe01b04dd76,6.6407545776594255,15.0,18.08279557171322,19.714285714285715,11.30952380952381,12.390937914805752,25.960381508576013,15.80952380952381,12.333333333333334,7.095238095238095,6.261904761904762,14.380952380952381,0.618955314160704,0.6775879979199352,0.03137116363625433,5.464772349126915,0.19694933340141496,4.942431956529617,0.8112929950191992,5.524426776341661,0.3394056555698925,0.07873729412641191,0.09850067500016506,0.04481376648112934,0.15191370495940493,6.2090041585239595,0.1850992635118575,0.8136280097052716,5.687298925267472,0.18616337426142066,0
672ccbff-403d-4453-a4e5-10fa429a22b6,10.13986823098226,17.231060606060606,1.9393741071901538,0.7310606060606061,2.625,2.1857612915337086,28.397409617777324,22.507575757575758,10.590909090909092,12.708333333333334,8.659090909090908,10.625,0.5017258907843564,0.7466970989898167,0.020176759100754164,5.758038138737932,0.3346690065731844,5.477770247242668,0.8054388940418672,6.570560832471868,0.4090358142272557,0.014688495828898026,0.046339854139994315,0.02334366383277263,0.12657146185943363,6.815955849241943,0.1824357832170809,0.6570078611442173,14.055634150411988,0.144143659201735,1
6899ba07-f868-49db-9651-3504b6d754d6,3.8404679501928936,5.353658536585366,3.425287088242973,3.2764227642276422,4.2073170731707314,2.6398043976566656,24.332514513401865,17.24390243902439,9.512195121951219,1.853658536585366,11.191056910569106,11.991869918699187,0.6215065532574021,0.714031556878042,0.04444830571464149,6.550707536709603,0.24517967986513578,1.991245150566101,0.7325394729395127,5.389113359907571,0.3664555291527277,0.046525469227909795,0.08153928821113497,0.0421689832020521,0.17170821030122282,6.525973417661832,0.18491042607752228,0.699076440574898,5.517895570026319,0.1963830986864922,1
6a4acffe-5a6a-4d23-8871-d155d71eed0e,7.973427480175381,6.857142857142857,10.056400084779376,28.452380952380953,10.357142857142858,7.360814463524592,25.255940023197724,16.428571428571427,10.80952380952381,1.3095238095238095,8.0,14.261904761904763,0.7491269087691327,0.7519758825667491,0.05436988844039084,5.412286717711207,0.15364900958456804,1.95327590405941,0.8638821234981326,5.104608547969967,0.27122532631546603,0.10171942189671726,0.024351954753417067,0.022835210315493296,0.16842890265966087,11.12090806840669,0.128530736599821,0.8364986748652732,5.393094365978744,0.17549743680387972,0
6c130d05-41af-49e9-9212-aaae738d3ec1,3.53763896030815,10.796052631578947,3.7992974653055795,9.69078947368421,1.9276315789473684,2.5122137230477835,19.915232678599036,11.789473684210526,10.388157894736842,0.2236842105263158,6.8618421052631575,10.907894736842104,0.7809312608013225,0.6856462641785577,0.0700764111629443,5.494828944569002,0.23185406716911625,1.12603671280177,0.7658404886512021,4.848767414837621,0.4663943700687382,0.08528785605683917,0.08725853592946411,0.030034824281156863,0.2676602891475947,5.751800220309182,0.19332207381499972,0.8785559303268708,5.748906754122852,0.349543854263496,1
6d0c10f2-c149-4993-901d-270a275476a2,7.246936407354143,12.472222222222221,1.3913653004500601,0.75,4.277777777777778,2.740661127285825,27.255081563603458,19.555555555555557,13.472222222222221,9.75,10.472222222222221,10.13888888888889,0.4764499160772796,0.7234141728422729,0.03802648728082991,6.020073270601249,0.21325801955307308,5.5530131459236145,0.7721761423132829,5.859281157549247,0.2820659781970211,0.05983329618690209,0.06455463780640791,0.03544132831589999,0.10238583710223549,5.703337261147942,0.13388000583128118,0.6778272256200858,5.485454483514983,0.11048703885204786,1
6d7d3dc1-89ae-4f5a-893e-2ae77474e58c,3.074941024736122,2.1481481481481484,5.116629670615549,5.407407407407407,5.435185185185185,4.022535111617159,21.146346987958616,10.657407407407407,11.842592592592593,0.6574074074074074,7.398148148148148,12.166666666666666,0.626676696975141,0.6338597479753229,0.08054771963490139,5.163049774441842,0.23241166753135556,1.5814186414634739,0.8393868406183514,4.857642566072539,0.4960633779251972,0.10154372416365434,0.05529133556068592,0.042215193400858525,0.2251946866878482,5.604045564499303,0.25312913655601865,0.8485020681953365,5.270933240328003,0.3464048493063738,0
6ed887bb-394b-40dc-a8d5-96e836468a8b,5.577982995245192,19.88888888888889,7.676139930884044,9.5,16.72222222222222,10.64433710111512,25.144124190903234,17.38888888888889,10.944444444444445,1.9444444444444444,8.722222222222221,12.222222222222221,0.5711177358599255,0.7259917995544818,0.03917550055031376,5.79188759717944,0.14456421650064452,1.7535692817635007,0.8376128972091971,4.744061794372262,0.23188550389014015,0.0627501420965194,0.07117521767210373,0.03640182738135818,0.1366414138228604,6.390865825991756,0.11294429773446527,0.7492754662092553,6.942954371208671,0.13643136821291224,0
6ef39d8e-0715-4af8-b15e-4118c69eb325,3.2031199410557747,5.569444444444445,2.753281000587675,4.763888888888889,9.194444444444445,4.830175773137146,23.39602265842548,15.25,10.51388888888889,3.3472222222222223,9.416666666666666,11.694444444444445,0.6550539446307454,0.6260386068935083,0.05179145376005124,5.85454287406255,0.21953003965683143,3.282494805753231,0.8659675480218182,6.016760260489693,0.38246341074045653,0.07835388249846754,0.06912195452490348,0.0455017042871962,0.19551967945637236,6.1927117410658346,0.17616267533216953,0.817117554371578,6.642897950777638,0.24270004110904825,0
72923ebb-0218-4747-a8ea-cee677fe9b27,4.197402377923329,3.4523809523809526,5.143760337716057,5.833333333333333,10.80952380952381,5.355303991408575,27.755004321178166,16.785714285714285,10.761904761904763,1.5714285714285714,7.071428571428571,17.833333333333332,0.5295207593541695,0.6835999608503842,0.02619030668777365,5.904710908815105,0.28603013800832117,2.1021238224846974,0.8247778565979619,4.7803271069136475,0.4531860614231028,0.10944022973784631,0.09447056521175473,0.10879877666817254,0.1802019600967657,6.357651788731241,0.2038727394498292,0.810026766652556,5.173286282549778,0.2774010428160527,0
72c95fc8-db97-4865-8bc3-a42e21d43e75,4.600236676890274,10.0,3.4425887434647002,4.931034482758621,0.8620689655172413,3.9490691104839586,24.05175550870371,10.827586206896552,15.344827586206897,0.3103448275862069,9.379310344827585,12.827586206896552,0.7115379629329359,0.6273900855558314,0.06148957849692281,7.581813465124817,0.27210313328132624,1.349043661150439,0.7309149230112449,5.49691792590145,0.48870350392591905,0.09689522582989811,0.07156754554693232,0.03643546218041877,0.2481533250532114,5.565483969785666,0.2360810177177473,0.6828258185436628,7.67109838725156,0.3220292841889226,1
7457113a-34bd-4324-935c-f66bd33f1e4b,8.670649516979854,19.206666666666667,18.306830291350682,16.64666666666667,14.126666666666667,7.2982685542106625,24.370633902724077,17.186666666666667,10.736666666666666,3.88,8.496666666666666,10.603333333333333,0.8783097241877694,0.7644974536155974,0.042931255391970166,5.922589849882127,0.13527401909866463,3.07395043383042,0.7722646790266455,5.8986316970189705,0.214869313349799,0.09127618573318606,0.12961487469637195,0.030554182123088042,0.13337157634448288,5.7510224309997,0.09645590479372373,0.7493517527622872,6.247887428006948,0.13230935037664696,1
74de3c85-715c-4962-9cd7-28bdf4e96a73,10.876590775204944,18.454545454545453,11.693681224213018,12.525974025974026,17.993506493506494,11.159801774597787,28.663577718525843,16.616883116883116,16.233766233766232,5.603896103896104,7.032467532467533,15.837662337662337,0.692884020454717,0.6818487413769433,0.05453092863068032,6.423162729218497,0.2960840910342362,3.8615765552242083,0.740253011518004,6.373291397397482,0.4368194018324919,0.16789558950695077,0.1591166860677093,0.09563389299172079,0.2620781320813857,5.392972205492253,0.20810494892283368,0.8074281138398987,5.594269859971518,0.23332902074097692,1
75537f2c-b504-4f66-8b38-ed64993d92a6,2.7766293485959372,6.0,2.2972660200162367,3.484848484848485,1.106060606060606,1.9354675231557903,22.48244003760508,12.257575757575758,14.666666666666666,0.15151515151515152,9.681818181818182,9.651515151515152,0.6196634674155104,0.642485071978554,0.0917213718113327,4.716303727900716,0.2499580475099461,1.1205305303588058,0.7808386322281377,5.677913737241085,0.47579227502908644,0.08291362307770402,0.06723599059341037,0.048075136316946925,0.25770932887765813,5.389009389177439,0.32319213796533913,0.7795353285951959,5.804138211368993,0.23667197607576032,0
75b63b7c-7752-4097-89ae-f9e339b26835,3.5998239491296853,12.565217391304348,3.3349885590698407,3.739130434782609,1.2391304347826086,1.559736869905306,22.13475629896219,10.41304347826087,15.043478260869565,2.652173913043478,9.152173913043478,9.934782608695652,0.5852865664908492,0.5415818564485754,0.07837335402608377,6.783324567129672,0.28853489512795727,1.9851547207521356,0.7665293350900957,5.763512641715147,0.5394007583078558,0.07523184341589473,0.08931146764473795,0.05727401291727885,0.2744090135353634,5.734365800187658,0.34429410723214354,0.8110813743139687,5.588373329405495,0.28055392283342556,1
776122cd-333b-400a-af9d-39771b26fa4d,3.9745407915392588,2.2674418604651163,3.851682886827824,11.69186046511628,5.761627906976744,2.8407611018696497,31.702460674466543,16.517441860465116,16.47093023255814,2.947674418604651,12.244186046511627,19.453488372093023,0.5252572012154353,0.71229120431839,0.03850505855160024,5.8596535760869015,0.19135190247603726,2.216091990817425,0.7865788199953451,6.5233219682561545,0.35743695780288465,0.06291760805495496,0.047786156367284754,0.06675121487141718,0.14123758412703122,6.1068107641754175,0.20466265743225345,0.8050380562851857,5.770906423735336,0.21932827697043566,1
7808ea07-7623-4c0d-97a0-ce8c66e79274,9.890713858107725,17.5,20.027875433365505,18.479166666666668,7.458333333333333,7.074156713982423,28.998893425137084,17.666666666666668,15.8125,0.3333333333333333,8.229166666666666,15.208333333333334,0.7302380667678593,0.810183861443616,0.05311415514930904,5.976115438413163,0.18094381850548616,1.4087743225196998,0.748422104772271,6.443162860005099,0.3563989538821597,0.06601032955608443,0.15368544269650009,0.05546130747686836,0.18820169275022547,6.591218299660431,0.18948617853746766,0.8388451498805966,5.258683945906691,0.2218221795570079,0
7db8d93d-ec5b-4a21-930f-ffeaceac4eb1,2.9754025012254717,10.45,5.747620171308517,20.5,6.475,2.7898704051971435,28.609239729142097,18.075,15.475,0.175,9.25,13.775,0.7826717664925806,0.7107369668162011,0.061543111097990454,5.292744515001749,0.214073820448559,0.9486923314630985,0.7994077912308089,5.609247057241889,0.3487972093087524,0.03670830078622992,0.08147008172638168,0.03447618214480555,0.21350998110710076,6.0911085203496045,0.15124979729118299,0.8374778257680766,6.524777872648803,0.22345728299383838,0
7dbd2137-6a17-478d-955e-90af29711f93,8.757614160692968,12.86046511627907,11.621305974416954,10.13953488372093,9.511627906976743,9.869046410848927,26.090528581616766,17.546511627906977,16.0,2.0697674418604652,6.616279069767442,10.290697674418604,0.58960985079317,0.6789712561565647,0.03236874419581297,7.01606089059047,0.238068558035753,2.118343945852546,0.7070652667892227,5.679687679212344,0.3981496637041769,0.18383173586237628,0.19244684309010313,0.028580099216596565,0.20626444971646848,5.668959916623479,0.21658130300071146,0.9461913663690826,5.658306167536941,0.23092719270283524,0
7e72a094-c8b2-4539-a42e-7cbaa9a3d4b1,2.6128626068433127,4.6,9.20457904835542,11.166666666666666,5.333333333333333,2.929207260409991,26.385947246130957,15.0,14.333333333333334,4.566666666666666,7.833333333333333,13.383333333333333,0.4422682642819217,0.7325166885641252,0.052625562322936595,6.15350378758291,0.2078678547784493,3.649104951818784,0.7435735501889625,5.628747748096065,0.3631219552397295,0.07124202887128676,0.08090847989497614,0.04196043749651319,0.15137060353607654,5.522602819055333,0.18619451551838392,0.8189722140564883,5.588950482603797,0.22283188304049698,0
7fb7afc9-b006-4a44-99dc-409ba90d3fe8,3.2456603150016496,4.633928571428571,4.0230879337926,7.330357142857143,10.982142857142858,7.782365596454058,17.237250611637005,7.696428571428571,11.955357142857142,6.169642857142857,6.535714285714286,7.883928571428571,0.44323865531649526,0.896416884158583,0.00949037047700606,8.811472538070102,0.2834421860438637,4.376445823748197,0.8577014742223231,6.092063656802646,0.4561258423923764,0.030255029748232857,0.007309937949254252,0.009715243371850969,0.18680082050978578,6.561610542965622,0.27129110107329435,0.8909268849362996,4.690525117330429,0.19565731761927907,0
81434ce9-c1db-4717-81e4-f49b0942e321,5.267354842275381,6.1875,10.126141481101513,4.875,10.0,11.581170450896025,18.59346878282259,11.625,9.375,3.8125,6.1875,8.5,0.4835764952994086,0.694429191083945,0.11137778474225836,4.745480340561636,0.20718794542679964,3.847849827259779,0.7432176394493356,4.485997019622541,0.3936319505379129,0.08026110321377086,0.05214012835569955,0.036253169863591506,0.2015771128952861,4.625376356822126,0.2193530197662934,0.826713317309366,5.227544458323656,0.23706462788118476,1
821e5fcf-6960-4c50-b370-289e33a55069,7.818828988075256,8.1,16.033018112182617,13.7,10.1,7.86733877658844,26.690232653685808,16.2,13.4,0.0,9.1,14.7,0.7478223344194023,0.8905736736047762,0.05136987571775474,5.431099965391084,0.22151575030329865,0.9242236077785492,0.8609793963031052,6.8018000720501055,0.3660059502909242,0.08677937787807766,0.06130812882468996,0.04920727462403748,0.18906672610888414,5.592561021923129,0.20265675365508695,0.8177945710675611,6.129103655107004,0.20425489015641976,0
83007245-9b89-4b75-b706-27b760ee8ac0,4.278311484389835,5.944444444444445,22.160962460769547,16.22222222222222,6.888888888888889,5.647528515921699,26.014429565714014,17.5,15.88888888888889,10.333333333333334,8.0,7.833333333333333,0.6523757935539376,0.8547942109289061,0.009428392691338962,5.672816296463093,0.11380626488601066,17.577901436222923,0.8596492344616609,5.037044287367044,0.17835858703250443,0.03200607254073371,0.05480170084140545,0.01624165155412424,0.08301332923986615,4.790695048709436,0.1025441400028143,0.747134179501841,4.266855513873714,0.0873759952228704,0
83e05a40-bd94-4d5e-87c4-fbc266fc5dc3,1.7398944287137552,0.4772727272727273,5.273325543511998,7.909090909090909,2.2045454545454546,3.7863182474605064,22.662687022199496,17.181818181818183,9.136363636363637,3.6818181818181817,9.340909090909092,8.386363636363637,0.6394412887110659,0.5992534248306308,0.045994555347518284,5.052902961166282,0.29395038610454266,2.4422482038763436,0.7262423884960956,5.072700377367072,0.40808228625706455,0.04490469313746708,0.11891427697802447,0.017451155681413123,0.20122598577265716,5.8374472766428855,0.14724122743451085,0.6348548034671192,5.88979994698852,0.2334711036891166,0
863ddb69-fb81-4e17-8273-845c5aaa2fb6,2.3341450306042186,4.40566037735849,2.4382228013479486,2.5,4.943396226415095,2.911872313832337,25.13295514542576,15.38679245283019,14.0,1.4811320754716981,9.150943396226415,11.40566037735849,0.5886240887235309,0.5978864336288561,0.06848966861182164,5.86279233206965,0.44287329001797615,1.7441160375217222,0.7115465392329569,4.9789469188385596,0.6268561575548837,0.11156791675600884,0.10724541127315265,0.061971214367416136,0.3207040388056658,5.812078939912065,0.28130718868241,0.7163264663206946,5.435866442889325,0.32399869054429925,1
866b1e91-f3c8-4884-aa78-0d0b53c13b20,3.4217968930800757,5.895833333333333,3.684268249819676,4.041666666666667,0.75,2.7154186392823854,18.945648050378303,9.291666666666666,13.604166666666666,4.979166666666667,7.9375,7.458333333333333,0.5932513650183447,0.6991856130860158,0.06865069504416604,5.752007360600927,0.3855162946024537,3.120622932910919,0.7599282427906111,5.1854513336470545,0.6912763940075418,0.06545467505649062,0.06015359978239532,0.03461449217554564,0.2778812024873745,4.536745096100439,0.4778534786722392,0.692568968504621,5.709043029082602,0.30577580089993084,0
873c1263-d757-4dbf-9b48-facf75ab003e,5.023793188911496,7.136363636363637,6.2338166254939456,13.712121212121213,17.515151515151516,8.659454333059715,23.7273036415383,13.469696969696969,14.56060606060606,0.3787878787878788,7.121212121212121,11.606060606060606,0.7748481423029335,0.758883591896925,0.08826973024184476,5.276485243580115,0.2620687867404608,1.5319255915555088,0.8065412568262489,5.11973625486181,0.43111772880342,0.08001940706008552,0.06203802744919442,0.05365885225391137,0.267572940207254,5.7522089253283415,0.22152616348601353,0.8876099927801496,6.869447122958375,0.2545646366384746,0
8745e5f5-648b-4d46-bc7d-045fa6e2d628,6.621494900385539,20.38,9.798059617678325,21.52,6.32,4.574910546143849,25.983690074058252,14.906666666666666,15.853333333333333,0.6,7.446666666666666,11.94,0.6641910072644334,0.6773752984350184,0.04773356026265047,5.406316134635923,0.19164080124983157,1.4196882496277492,0.7648484098824626,5.3856335670058115,0.35880001372366777,0.0782062162818887,0.05544844851557716,0.032473102726421385,0.21309915570908028,5.580427237014451,0.22785059506586974,0.7416958121380207,5.864927022443251,0.1942981667023293,1
882b9ac4-ac7a-4108-9644-83d3544f28b4,5.479028670260539,15.971153846153847,8.066222469394024,18.53846153846154,4.403846153846154,5.491877910036307,23.940344117999036,9.490384615384615,16.153846153846153,1.6153846153846154,7.471153846153846,13.490384615384615,0.7183500954896745,0.7343174445266784,0.06850537085007212,5.89854232962964,0.2572975541933438,2.0849563998098555,0.864999874704427,5.508402384436793,0.431775543079361,0.077375568346241,0.08828674268302614,0.05356639281090117,0.23846664254357947,5.453362011291368,0.2861624357876492,0.7670347671351803,5.412814457801404,0.18737761038978235,0
88e11414-10e2-49d4-a004-e6af569ba0bc,1.6813554622625049,2.4473684210526314,1.1451931736971204,0.42105263157894735,0.15789473684210525,1.2320073046966602,19.745861262398947,13.368421052631579,10.578947368421053,4.2368421052631575,7.421052631578948,7.131578947368421,0.535632178003625,0.6530521990489923,0.014927475865834866,6.0002193509915305,0.24692096594456542,2.6032973406346223,0.779730960402849,5.02861217352501,0.3564445691672667,0.023725396233512358,0.015671083360578437,0.012388474543471958,0.1601711030662828,5.311783608864797,0.19784002985021165,0.6903774659141072,5.232245681064325,0.1556026573844924,0
88e60419-1c48-4da8-af57-e6b4492554f9,3.572187747955322,7.276,5.195228974461555,9.984,5.956,4.233812080025673,21.662544446486365,11.912,10.552,0.3,7.692,12.756,0.6831992336188263,0.7012682947658833,0.06872059698330994,7.967394324220057,0.21580271313417082,1.403660285949707,0.7757874665278315,6.845462772598848,0.37741319021802583,0.0763741101945074,0.05544331743415416,0.03385625045331699,0.22693592917724417,6.374428097476192,0.1789772332121817,0.7920866880462386,5.31552836723425,0.243964390999167,1
8ab14817-d7df-4452-af87-23795ee85434,13.845868794030922,20.069767441860463,13.520660150189732,19.03488372093023,13.186046511627907,11.598365993693818,23.865962106638804,13.069767441860465,12.988372093023257,5.290697674418604,5.5813953488372094,13.267441860465116,0.5722839313896008,0.8122459050764266,0.028911776715494372,5.214222734488297,0.1470403844542972,3.638562806816988,0.8715995216104956,5.267132751497694,0.26023913270666876,0.052519243600253715,0.051242175195861855,0.03854838755360732,0.12627988354948763,6.476408775204611,0.15302505873092614,0.8865205553150933,6.834033032316676,0.14248029532721168,1
8b238303-9260-4590-adf0-82a76e3590f9,2.751238413982921,3.4444444444444446,4.663839547170533,5.305555555555555,2.111111111111111,2.6479263160791664,28.291031716318173,16.625,15.38888888888889,1.4861111111111112,10.597222222222221,14.291666666666666,0.5577843604746118,0.7942873778374779,0.03540864807216515,6.109094211054191,0.19550665849529603,1.7588427580065198,0.7541326161974521,5.285831861120723,0.32971418796890206,0.04871671811483205,0.06962487686640098,0.04586717301106449,0.13890336868315523,5.6623258695351515,0.1826518642928566,0.8153661463082751,8.370277527265221,0.18586867217354505,0
8b694c8e-3ce1-4e55-89ae-d034e1602bdf,3.0341198591582748,7.22289156626506,3.5489465019789086,7.596385542168675,1.1204819277108433,2.042181022195931,21.95143642266663,13.331325301204819,13.228915662650602,1.1144578313253013,8.704819277108435,8.5,0.6691303893148735,0.6297474142623605,0.06918769921927373,4.901620460225616,0.2676960105591439,1.6983307003974915,0.7480886908843689,5.239444909306745,0.5313835760009709,0.08017428637953622,0.0790568983551005,0.02439589608684285,0.27116969719481665,4.739497035634101,0.34772905555734,0.7257889409670151,5.281032892463886,0.2880589039504985,1
8baf61c8-1ad8-44e0-86c0-f29c6d564cb5,3.8076884768058346,8.304123711340207,4.202954124851325,10.706185567010309,6.701030927835052,3.467515107897139,22.496244968121424,13.04639175257732,11.417525773195877,1.0154639175257731,9.103092783505154,12.293814432989691,0.7099290691440682,0.7544993174840694,0.04923697512449795,6.545468093863515,0.12349303652445742,1.7582769188069807,0.8069825692872441,5.659576095078057,0.26473988612635524,0.03574203026145585,0.02893546679081702,0.012004052598874358,0.142554058968342,5.842907367355059,0.16232182952826446,0.7926124510836581,6.560081404101487,0.16430100260352076,1
90550db0-af30-495f-8d7c-5749577cdae2,16.847345011023915,13.911764705882353,34.82532761833247,22.423529411764704,19.276470588235295,28.147223937511445,16.043671615168506,7.052941176470588,9.294117647058824,3.4411764705882355,3.5764705882352943,8.347058823529412,0.4450636102381266,0.7508966861814873,0.019376245397240456,5.575467096755251,0.12892896888282598,3.7077175739933463,0.6084010351383116,5.977021146802128,0.25241509231491127,0.05034062214984932,0.026416323385532584,0.02416241770179291,0.13339570120310187,5.553322014252729,0.14179750058610405,0.7226740613037683,5.478714517723559,0.1576258325538877,1
921384fa-b421-4344-b17e-8754c2b70f89,63.084011642138165,17.733333333333334,66.86548478206,14.966666666666667,12.933333333333334,37.11371876001358,23.007898304272558,15.7,10.5,3.466666666666667,4.533333333333333,10.6,0.29511639003289425,0.7895675490012822,0.015718853447035833,5.848849401797202,0.12717515446769095,3.3160746514797212,0.7910985972616783,7.945101701779254,0.20173274376022463,0.0181582774137097,0.07387312798320458,0.028114156637659104,0.09073557935320507,5.336409674346113,0.1162964683634725,0.7517315354774962,5.90654471752578,0.09895925766962883,1
94c5b58f-e328-430a-bfd2-ba06e02d582a,3.592426297210512,7.785714285714286,5.637348572413127,13.69047619047619,6.238095238095238,4.327918591953459,19.70238024570688,11.952380952380953,8.976190476190476,0.11904761904761904,7.333333333333333,10.5,0.5638114520229031,0.5408370382532259,0.04764526100788978,7.209131985720888,0.1877199286030884,1.0280342322020304,0.6633758303454488,5.368415387969325,0.3238942767528057,0.055149983318126386,0.06267577646741367,0.03487313291127108,0.19637247430781685,6.369131932384269,0.16184105292725912,0.711197905172227,4.904068545492017,0.200166894235858,1
94c79a45-0524-4528-b050-0eafd8221a23,1.6270453018300675,1.3529411764705883,1.7142671311602873,0.7941176470588235,6.4411764705882355,3.344607304124271,21.44357986394481,11.764705882352942,11.911764705882353,1.8235294117647058,8.0,10.088235294117647,0.6076647300889031,0.6190243954543592,0.09330178897012639,5.707861033875331,0.3102252060737999,1.8736100328319214,0.7017353320967541,6.208037787516944,0.5666449346709458,0.10513551913956093,0.0887448100724534,0.030751690324934026,0.27035869092397463,5.299214176948653,0.34336906672947587,0.6313476987648848,5.014376707916837,0.3104255245967403,0
953cdd15-5346-471f-abbb-9c13e815dc21,1.831894420847601,2.4591836734693877,0.7750343344345385,0.17346938775510204,3.816326530612245,2.1389822154020774,26.618545248273325,18.448979591836736,11.46938775510204,10.387755102040817,9.16326530612245,13.418367346938776,0.4696657456117592,0.7674577383761773,0.03758613370196504,5.575821447121405,0.3164243238458227,5.106347953178445,0.8808954445027802,5.793450027512425,0.4483089885627633,0.04237884337494912,0.046702808805865526,0.0308783276759512,0.1455874098896255,5.526060910654732,0.20560903338761807,0.8216189693165263,4.865664563882032,0.2249744985636799,0
986bc332-f3a4-4552-8b2a-c69a9d5e4989,3.8949757969897725,10.152173913043478,4.9333120066186655,14.043478260869565,3.0652173913043477,2.3795130874799644,24.795574628353826,15.391304347826088,12.934782608695652,0.43478260869565216,8.130434782608695,12.717391304347826,0.7291238075301941,0.6866414240639497,0.09213322966172431,6.957967041228264,0.19422939690912025,1.2680420985688334,0.7818189756433161,5.340351062484616,0.36836225420857255,0.07351154659490412,0.07567505259525907,0.04179245433325174,0.20153130744966327,6.034242120487409,0.19785072326341802,0.8018394366847241,5.699976491315027,0.22990697089475204,1
9884c3bf-86bb-4370-acbf-19db34cf297c,4.857717123660413,10.68131868131868,9.592707947060303,18.225274725274726,16.51098901098901,6.859015092089936,24.161927821670236,14.961538461538462,11.23076923076923,0.4065934065934066,7.956043956043956,12.917582417582418,0.6955394697152685,0.7416935376091174,0.05200870522230746,5.9444304171482925,0.12075651113317118,1.2370722673751495,0.7580062858260742,7.499857855909663,0.25434155036697,0.05977681239200665,0.07621904475895233,0.031623755111157247,0.14881592543699507,5.825188719324363,0.12371344695206739,0.7996518780971443,6.153462285466462,0.18086363045592438,1
9a201650-4a5b-4637-ab5c-828d8f3823c5,8.79844006425456,17.93421052631579,8.541525568813086,17.842105263157894,5.315789473684211,4.527030247214594,22.40637036972072,14.921052631578947,10.421052631578947,2.1447368421052633,9.171052631578947,11.973684210526315,0.5502338124505887,0.9128940250521511,0.016164304429029358,5.647443674130916,0.153511308953746,2.325215594548928,0.8971205301657593,6.392124690536144,0.21990177632918267,0.020650474482901478,0.0538329420529564,0.02222425955754469,0.1003010439057626,6.662207486374175,0.1013076322101334,0.9385213756427891,5.9026099367569085,0.11297911849672494,1
9af869f8-7cda-4f0b-83ea-b77b9c12838a,2.150206689323698,1.7619047619047619,4.207982128574734,6.809523809523809,3.7142857142857144,2.9365797752425786,25.358143227409432,11.5,15.428571428571429,0.38095238095238093,8.857142857142858,13.880952380952381,0.6429782939003656,0.5941227094837479,0.05932516880409399,4.758521584817096,0.2623727598371528,1.2887325620367414,0.7506844976000576,5.281097343227708,0.4849957402892421,0.1494280212637444,0.05834047600514035,0.04073682297390681,0.2604036053138992,5.750677615586326,0.24143994674924332,0.7776984093438535,5.1348205977711725,0.31597237374648224,1
9e82654e-68eb-457f-8607-d740c56d8829,4.948826692722462,16.37037037037037,8.29087953655808,20.22222222222222,10.462962962962964,4.901527698393221,18.65501566145643,9.407407407407407,12.037037037037036,0.25925925925925924,7.5,9.351851851851851,0.7133741540385171,0.7428071943496866,0.07720529792329413,4.9854303293068725,0.2641752876277136,1.1063611656427383,0.8098362395138807,5.36699445511475,0.4535813101140261,0.07660138857396352,0.08031158610291139,0.05530915505580469,0.29943747762105555,5.737145473688474,0.23893080854483792,0.8467335746545332,5.811111880473842,0.2712290386876716,0
9f8cbfdc-3e66-404c-8447-7a1569543ff2,6.667680435237431,13.904761904761905,6.854941302112171,17.333333333333332,6.5476190476190474,4.406067589918773,16.390902129789428,8.547619047619047,9.333333333333334,0.7142857142857143,5.4523809523809526,8.119047619047619,0.455795582090484,0.6103181436390404,0.04108108002157773,5.749638057047367,0.1774277772321749,1.4943254419735499,0.6577130208406159,6.150516147998626,0.3218458524603576,0.054906886104473696,0.022358458899140215,0.0259483488494593,0.1829925636529635,5.932486482107215,0.18728926874310475,0.561994985128568,5.869448505679618,0.18569929717710718,0
a07c589a-e016-4c98-970c-53dd52d696d2,4.469360485672951,11.401234567901234,3.830585587079878,5.697530864197531,5.216049382716049,2.9390834941540236,26.798871253836992,13.901234567901234,16.246913580246915,2.8703703703703702,8.487654320987655,13.432098765432098,0.6482068841093567,0.6423469097595589,0.06635803302219796,5.592550277870502,0.2404127209057653,2.3340687948612517,0.7776047960430844,6.706104648805991,0.42135810733186374,0.13474724992926468,0.06970731490072989,0.07598137988270107,0.23195426684114914,6.334095998117581,0.24173689609608967,0.7852545817939017,6.602089716737568,0.2238075880728702,1
a348996c-2256-43b7-80b1-a2a9bd6fba5b,8.919896172625679,19.928571428571427,6.660167193838528,6.017857142857143,1.7857142857142858,3.2480102820055827,23.375003242688138,15.089285714285714,5.178571428571429,3.6785714285714284,10.196428571428571,16.357142857142858,0.8611600521332272,0.5511194180903535,0.016905084666471056,5.649218935141164,0.08263419564741305,3.5021355226635933,0.8598489589259836,5.3552537210412785,0.15095620005181473,0.0340374592482173,0.05019619753551768,0.01462063363402405,0.09160725328058228,5.6422647583976175,0.07980635974515875,0.939421437206829,4.901561785999423,0.09757610677243599,1
a4b3bf42-f9b2-4d33-ab37-37c8e9a6c431,4.349512917654855,9.75,18.927538556712015,29.821428571428573,7.339285714285714,7.274463453463146,30.624457072434492,18.428571428571427,16.875,4.517857142857143,10.017857142857142,17.357142857142858,0.8641398349985046,0.7559109152125894,0.05875397319299647,6.179347148071026,0.15748070763649194,3.676293202808925,0.6730977672280444,6.033928145907083,0.2696223340418759,0.13227623521622353,0.21628239939780744,0.06336386053834417,0.174193517721954,5.632115480109128,0.14083332649035152,0.8950283259623634,6.175079589407374,0.16423362999249877,0
a50dfd03-6211-47ff-9d94-8026c65eed93,6.160525530751329,6.8203125,8.129891997668892,6.890625,6.34375,6.252995257556904,17.324787245660893,11.06640625,8.15625,3.66015625,7.57421875,9.66796875,0.5276796481135915,0.8478438689445721,0.017103771905354254,5.10086075697917,0.36100052753993966,3.0367969481740147,0.9223019884442467,5.496224080750193,0.515731054364591,0.020961685321417876,0.030829249717472713,0.009410342679308365,0.1779502539333113,5.232299505404121,0.17001088617777468,0.9382050009932604,5.436054283759042,0.318522880250812,1
a7e4e513-22c1-4b68-a1ad-90eaf0e6a7e6,5.097767383972211,10.664179104477611,11.96502489296358,10.276119402985074,2.8656716417910446,3.681853904430546,25.145573523391132,15.201492537313433,12.888059701492537,5.126865671641791,7.119402985074627,13.753731343283581,0.5828245206790144,0.8080411373676613,0.02941828314828122,5.8049246596076856,0.1863053619270755,4.070730035874381,0.8049056111682132,5.57061853525236,0.2772724523494614,0.07065654700690649,0.10677691686180425,0.07114111645204732,0.12916565048987483,6.29849005827056,0.12987953312710726,0.8107034752900036,6.3656978052104884,0.15289039569971935,0
aae2ab26-754f-49fa-bcf0-bd403bc9d548,6.365350559542451,15.341772151898734,6.223736753192129,13.10126582278481,11.987341772151899,6.152657445473007,20.42731135638018,11.664556962025317,11.189873417721518,1.7278481012658229,6.613924050632911,11.164556962025317,0.6176079190914731,0.6902444577800787,0.09958865631342649,6.1538977965649115,0.1712463224156723,2.0438115875932237,0.7850809719264507,6.549298532253826,0.35287295320586304,0.11349991311780344,0.09452238106477437,0.06095879095464724,0.2148076264228635,5.69346606365683,0.2307819797166097,0.7787230862350085,5.4297781616700735,0.1981007715655544,1
ab69ff0e-fa0e-423b-ad54-af8f0e7cf7ae,4.573614627122879,14.125,6.718705505132675,9.0625,0.4375,1.4966403022408485,23.49689777740529,14.3125,13.875,0.0,7.25,7.9375,0.5279488473632273,0.7574279640774705,0.07143005159529525,6.854003227257749,0.15428639799754937,0.9640322308987379,0.7483161959389434,4.538848230516522,0.24239088236027329,0.0329723801223718,0.059436387244291566,0.03899716802263551,0.13393693820432578,4.750710624410996,0.15446897399680398,0.664458056871821,4.921569415290018,0.09891546187569439,0
ac7c3961-9268-42b7-aeb7-fc4c49c7a6bb,8.894408478564069,17.993857493857494,11.178422650995067,17.547911547911546,6.961916461916462,5.682390617650616,23.842920529019096,14.24078624078624,13.611793611793612,5.0,6.030712530712531,12.093366093366093,0.610081916430572,0.8727290226063976,0.0293767288276687,6.2700322033139155,0.10401959489502566,3.798642143716976,0.8646479573235167,5.988451223340514,0.1861925425613339,0.042411290563039133,0.04804880512813368,0.0303775777231126,0.08684449051764549,6.450177997395121,0.11065532923955118,0.8693047974415418,6.921294302996816,0.10331664237021852,1
b1f4d4d6-5247-48c4-9990-28a13d34fc19,6.3620276495030055,17.094736842105263,4.79889867792004,12.810526315789474,8.036842105263158,3.1796905503461237,22.938573574583163,14.810526315789474,13.063157894736841,1.731578947368421,8.142105263157895,8.647368421052631,0.6626626506730753,0.6450048478292808,0.09194175088501112,6.177489756566481,0.3463318574296449,2.0133328293499195,0.7055151869317896,5.596822386187511,0.5436698557076599,0.05022046476108284,0.08195071594509264,0.053986874296098344,0.32080905561390877,5.5395311866469426,0.3295833696257735,0.6514865519695344,5.3551037795615875,0.24550231475870204,1
b3404b35-b8f8-4f14-afc6-92f0d1bdf920,8.857032345400917,15.833333333333334,13.384596778286827,16.75,11.777777777777779,10.744928979211384,19.828122146612642,11.13888888888889,10.61111111111111,1.5555555555555556,6.944444444444445,10.055555555555555,0.6253136295992485,0.5973131104553562,0.060637951660091116,5.746797540790325,0.3071922888951301,2.0151483135090933,0.6427616709154546,4.672784469346302,0.4487241839100952,0.0860679970977697,0.07313945533544684,0.046291867023220225,0.270922159093159,5.129218106995168,0.23307987965926355,0.6995987155601595,8.488989789088281,0.22101879456530077,1
b4b0028f-bd8e-4e25-8da2-64252f48c827,3.336863162262099,6.642857142857143,1.8215933559196336,3.0,1.5,1.9811676293611526,23.564375852368478,14.964285714285714,14.0,4.392857142857143,9.678571428571429,8.035714285714286,0.49228664549247775,0.7048075538689021,0.037224745579113226,5.73863916860679,0.2091623867380095,2.7764398881367276,0.6774523755124374,5.898840740550834,0.36674624901597463,0.054294420588089407,0.06884039539691818,0.022340595586874044,0.15056586263338742,6.989974539656088,0.23395029969789535,0.6252170193515239,5.095036969908293,0.1788772301651502,1
b4bb8c67-33ac-4333-b1aa-6b79babc40fc,4.406329375505448,14.2,14.52176592350006,23.7,8.25,5.569750827550888,27.97720000258215,16.65,15.9,4.5,8.8,15.1,0.7904057958761364,0.704039645150433,0.06806059443694609,5.793506341583428,0.2080805949208778,3.3459034144878386,0.7967270971091452,5.435663663026249,0.377157890415939,0.12541199106861323,0.13682361302337714,0.036379534095744945,0.19426172541443548,6.159615969361569,0.15954351996119612,0.906249424523556,6.021855692461676,0.26902354940800055,1
b562b352-4ce7-4754-a2c3-1d799bc5fb33,4.71362893184026,7.966666666666667,10.197581346829732,18.9,4.9,3.9941819429397585,27.411700280187635,14.066666666666666,16.566666666666666,1.8333333333333333,9.4,15.133333333333333,0.7553193481058851,0.7434365412007207,0.04199409749169929,5.916187067685083,0.21317938743831272,2.423049340645472,0.8812382237688748,5.605978424011846,0.33215327022376967,0.13870672080203617,0.08845578207460228,0.06955839088260934,0.16515892527254478,4.6478568643334945,0.14135569744144957,0.9026541631602568,6.853061538612335,0.2047851767033057,0
b567f243-d7c7-4a75-8dda-389de317a210,7.087627152601878,21.357142857142858,8.611805480150949,15.095238095238095,5.476190476190476,5.817788413592747,24.770192875108652,14.30952380952381,16.61904761904762,0.5476190476190477,7.904761904761905,9.5,0.7315881146431403,0.7791038861199207,0.049889041046951,5.635367048957132,0.19192414245834027,1.6175161060832797,0.7926636690401574,5.569881433086136,0.3373759933170589,0.06550756299620845,0.07143089507338657,0.025706867519170135,0.15621286470169984,5.8621225759237126,0.22594868535755155,0.767565941861241,7.66695193662237,0.15396153492886328,0
b72761a5-1b95-4a71-bf37-4d3364e07bd7,4.9757094427391335,19.703703703703702,2.7169798380798764,6.185185185185185,7.222222222222222,2.624243320138366,25.63068502792606,18.296296296296298,11.0,4.185185185185185,10.62962962962963,12.12962962962963,0.5334036587771928,0.7553335406020565,0.06570439425995013,6.919410626986292,0.2886130306903645,2.2605103425405644,0.6489894816092845,5.464682764457618,0.4184288057276254,0.06422999081288773,0.11831721583852374,0.05004314789822311,0.21062976450144472,5.462757355761277,0.22353622833653997,0.6471949865171724,5.761688871229668,0.19265562128261363,0
b7d23036-b895-498c-b16b-8af848719df6,12.042834847262412,11.348484848484848,9.511728261456344,7.454545454545454,13.196969696969697,15.991876340273654,23.323186790633,12.272727272727273,14.984848484848484,1.8181818181818181,6.424242424242424,11.787878787878787,0.7562112680868368,0.7538361915639215,0.07002259584692226,6.436358573763062,0.2163770250009575,2.049198575995185,0.8302437618801912,5.461638833293162,0.3441597485116045,0.09387475585519893,0.06719684665812592,0.05402129804923293,0.21300829897565007,6.6153354798879125,0.13042739677056572,0.8972975351965844,5.553026420453966,0.22503375933879818,0
b9be7d5f-ba98-49d5-a77d-3ac5a8bcd939,9.878935406847697,15.28048780487805,14.32390496498201,20.365853658536587,12.390243902439025,9.644293743662718,17.073336335587825,9.634146341463415,6.524390243902439,4.2560975609756095,3.951219512195122,9.231707317073171,0.35638654673253645,0.5388793011347718,0.02116993303950422,6.4188497500725505,0.11946429734915456,3.3498204205094315,0.598956784178868,5.668788055439887,0.19015030728204435,0.0350929552609151,0.04231803573391891,0.025004015512220947,0.09663448550224012,5.594943237893405,0.09271966640553954,0.6966904298224006,5.786028721660838,0.11357656683456575,0
bae1bf32-94bf-42a7-96d0-ee23fd98245e,5.89277494936199,11.302197802197803,4.13165311846923,5.395604395604396,3.7857142857142856,2.6811135841922447,22.557445740228992,13.203296703296703,12.428571428571429,5.15934065934066,7.0054945054945055,10.741758241758241,0.4773717862066406,0.7176213437310826,0.03559752458554515,6.1234425725795125,0.26076203661274666,4.0631057520161615,0.7779853672665409,7.622349567305765,0.4033462313614403,0.07485854943777132,0.05615785225093691,0.03900368546166161,0.1756495144045381,5.720431021396726,0.21264596797424537,0.7662839504238481,5.597199856405956,0.20971766134814496,0
c128d96b-4c6c-434e-9fe7-111096000775,3.4163977396157055,6.388888888888889,5.141078614526325,8.333333333333334,7.638888888888889,6.255197876857387,21.26801142513977,11.13888888888889,11.055555555555555,1.9444444444444444,6.583333333333333,12.444444444444445,0.5513810717192793,0.6310474275715734,0.08316689570237865,4.684943245147737,0.2683845079673694,1.6810454196400113,0.6906729362393322,5.0061798573713885,0.4775867262150433,0.10703759675403064,0.07636347161143267,0.046106384680497964,0.2672557601820187,6.222612536316356,0.26420898333236714,0.8082313889766926,7.247040319029265,0.27833366151385464,0
c1caeee0-2ec4-4ff7-aee4-2acf69b75054,1.7949265580391511,2.40625,3.6896110337693244,8.34375,5.125,2.912150293821469,13.83270069001576,8.84375,4.28125,0.390625,6.421875,7.84375,0.556695413759259,0.4554454680335721,0.014206940187511084,5.977818414583343,0.27873349243172174,1.2436380521394312,0.8038399136216747,5.507880603857343,0.44136408218776096,0.016715722514684714,0.020703814233614302,0.013318380549141366,0.2112793728017213,5.656335556740913,0.17461149806921025,0.726774244126654,5.394816705383547,0.2846083151788753,1
c4a83e44-8d35-44ac-a84b-a9c2bdd2df47,5.7582168361315365,9.538461538461538,19.91853855550289,13.653846153846153,12.923076923076923,8.488827125384258,22.476974265662065,14.26923076923077,11.115384615384615,13.134615384615385,4.0576923076923075,11.211538461538462,0.3312824207140389,0.8184739044617254,0.020731835470300424,6.558199331306997,0.16403736273334882,11.546145659226637,0.8243792324198753,6.8268583245431005,0.2559357187878899,0.04237520556334938,0.06921468935655836,0.0329514649883602,0.10555379494357349,5.41626475450483,0.10903877108481087,0.8718879331124513,6.415907347562596,0.15780912921495865,0
c562a123-db42-4e70-870c-d9e2df1f7eee,6.059728992836816,15.571428571428571,2.2988743725277128,1.9404761904761905,6.482142857142857,3.0679522355397544,20.969102621683096,10.30952380952381,13.047619047619047,0.17261904761904762,7.619047619047619,10.208333333333334,0.6263749791755144,0.3939675921530579,0.0772226536984825,4.666504905928676,0.4295714461460663,1.005832810487066,0.7533003679667228,5.97819644076379,0.7094089135141103,0.20089333846813973,0.06732475479348553,0.06878234201556362,0.492677239573917,5.235741117323555,0.4056953184193518,0.6575915576088044,5.908477334468586,0.3870295587452105,0
c5ee5543-8fb6-4dd2-9771-62dffcf4d5f1,7.60762723783652,4.666666666666667,2.750992678105831,3.0833333333333335,13.25,16.420102884372074,19.166969986131722,10.333333333333334,11.583333333333334,11.083333333333334,2.3333333333333335,9.583333333333334,0.2501838707302212,0.8561660524561018,0.00960359847038969,4.0059734718081925,0.13510345648808766,5.51636666059494,0.8514891005088364,4.063929258821099,0.22718194551911394,0.04093027318530515,0.010941558419245975,0.009851803541795528,0.08221138850366659,7.270698161163951,0.1015469714780761,0.8888290020995314,4.230550771056078,0.1370181476580387,1
c6548713-d5a1-4704-b2b9-200ce72603b4,2.699598883278668,2.0625,4.925926705822349,14.796875,6.171875,3.3475738260895014,22.64226644140208,11.28125,13.859375,0.703125,7.1875,12.734375,0.5175402309743006,0.7363199786034854,0.04914047515227544,4.877768264721009,0.26815621657928157,1.0951161799021065,0.8999999296560804,5.415845300306954,0.588546288550191,0.13062823866359624,0.06244933543928067,0.03151351859928258,0.24478262047195973,6.790550242313102,0.25218432051751744,0.9365126476748927,6.030990982796677,0.44604512175902267,0
c6c900e8-3356-4457-b029-4b9b7a629656,5.934303784370423,14.266666666666667,3.9543933033943177,3.7333333333333334,10.966666666666667,7.333474349975586,21.280244158617016,13.233333333333333,7.366666666666666,1.2,6.133333333333334,14.066666666666666,0.6837571602604691,0.5536182202719354,0.033724558416516004,4.84547496950687,0.334793316967284,1.9056970417499541,0.7765650991778821,5.55172279522354,0.4997360365962669,0.07045166229760481,0.1186781475997261,0.0830901289148057,0.26080479103889387,5.4544915328536865,0.15373469537657047,0.7553761828977883,4.98631970049282,0.3337369418054617,0
c84db6e4-4691-421e-a654-a6ebc51fdbbb,4.276738804330429,11.0125,5.196226022392511,8.020833333333334,13.666666666666666,4.991191352903843,26.918097251905383,15.354166666666666,13.525,0.7041666666666667,8.966666666666667,15.608333333333333,0.6296806951783562,0.5726060572350616,0.08396451474371852,5.785212838973087,0.24879308356735275,1.6039231255650521,0.6924807664525471,5.840799287850648,0.4431163490289988,0.11044376989346395,0.10789612415926199,0.05272555936837461,0.24779082264301774,5.791375831438753,0.23458755889283384,0.7774565077308796,5.320395927201476,0.2767775894858146,1
c8fe27c1-2e47-42a5-a087-e02d40d0408b,6.494819197965705,15.41304347826087,2.817943232214969,6.804347826086956,1.9130434782608696,1.8551031040108723,25.14783698884836,14.23913043478261,15.673913043478262,0.30434782608695654,10.043478260869565,10.956521739130435,0.6560868437175297,0.6683268025498473,0.08022373918139768,4.899044622259816,0.3144021839048964,1.1475665724795798,0.8105507371083922,5.386110331765384,0.5305961533182347,0.08314808351131982,0.05752580600336073,0.04688292266478344,0.28594834482599624,5.812434740452522,0.35193400696724547,0.7180547570681948,5.938413347326081,0.23474743825824196,0
c959f434-9f57-4730-b4c1-804789db0a33,3.1161079542203383,8.75,6.667059036818418,16.727272727272727,2.840909090909091,2.655194428834048,21.028512282310828,13.136363636363637,10.75,0.25,7.5227272727272725,10.227272727272727,0.6845459777547961,0.7404518668524908,0.0502012419951801,5.3188900852037,0.18893706972180144,1.370877656069669,0.7494528791790835,5.363862267719963,0.36330054596511974,0.03780955892459275,0.020687549363339625,0.02002267375321666,0.19234443107317387,5.666077270023006,0.2258382468978507,0.8756995330608884,4.697536024818062,0.20659303094457035,1
cbcbdf73-e3ee-48b1-a2e8-80ee5d37b722,5.8128052571167546,13.25,5.907922280331452,14.395833333333334,9.270833333333334,3.9501986602942147,27.065557132243338,14.291666666666666,16.020833333333332,2.6666666666666665,7.75,14.666666666666666,0.6263471143573727,0.7650314143030682,0.049893136436599796,5.634328594125741,0.2454359097359777,1.7967634722590446,0.8404200157893599,6.03399004757497,0.43280194132138416,0.08552476319818177,0.050617730768632054,0.05023699583622774,0.19902764168811082,6.3900231168765735,0.2567601105404886,0.8057270757084806,5.844284106376273,0.23691277731052662,0
cbe5c928-4865-44b1-a46f-8ddd4855cc93,7.688281096996517,18.926605504587155,17.425854858181893,20.123853211009173,9.100917431192661,8.830350562519984,21.23298891226089,10.509174311926605,14.403669724770642,1.889908256880734,6.022935779816514,9.720183486238533,0.4711740167549121,0.8028098422291138,0.03496172719577855,7.7157193251644705,0.1610211582662307,2.230478410600522,0.8838887488367331,6.144639035414416,0.2963585998157067,0.061161498607107644,0.06552779349444657,0.04303253617026561,0.1313950340936011,6.346245409855434,0.19675194215893965,0.8420995341229455,6.4543661519641775,0.1503780750594858,0
cd970c0a-5414-4a79-8778-9ecd7c377584,3.6476087868213654,7.357142857142857,1.9919289080869584,0.7857142857142857,3.261904761904762,2.459424297724451,23.520947873080786,16.642857142857142,10.952380952380953,10.857142857142858,10.714285714285714,8.80952380952381,0.49150652903330233,0.7389915213427817,0.03708595971310464,6.3069639466165315,0.24726518975757694,4.305988174109232,0.7414725590293132,6.016179963899693,0.3417479863446881,0.028892621705275238,0.031653794054653135,0.036009293841896266,0.13127631410260304,5.629907754089168,0.18471288578021036,0.6706253797316108,4.688221926780222,0.11912468806170626,0
cdd1c5a1-d698-413c-b04e-7e71c841ccfc,3.713880266745885,10.166666666666666,9.477614546815554,17.566666666666666,4.866666666666666,3.6910543302694956,22.55705035564468,13.933333333333334,10.4,1.6333333333333333,7.633333333333334,11.4,0.6689704932758836,0.7189390554664684,0.04323217222207434,5.427504484235108,0.17649396424098476,2.2007171134154,0.7917623628898591,4.658937325840957,0.26825108877868015,0.027482586030946336,0.0483107137482182,0.03146618288273476,0.1330604007284678,6.236079981303592,0.14254097187653364,0.7858910175728797,5.367961130525465,0.13444626145328342,0
ce5cb455-f71f-4727-94d5-13f860bf4ce0,8.116497487197687,16.790123456790123,4.671981339469368,12.5,8.104938271604938,2.9446257213015614,24.299857509608554,14.376543209876543,14.080246913580247,0.12345679012345678,8.08641975308642,11.037037037037036,0.6767114612074889,0.49592964880662366,0.1082836399008957,5.546219282571618,0.29659244497766324,0.9308876402584123,0.7108434293615736,5.719107121876209,0.49340851902611604,0.14535684264498905,0.08920463893745482,0.04311126987611495,0.35144108182139105,6.57856319264456,0.30315553146518676,0.62754896759834,5.934800826354979,0.24439981290308876,1
cecd4031-6182-4015-a4dd-12c52b73ba81,1.5316538214683533,0.0,2.859443962574005,1.5,10.5,4.265962839126587,23.916192533541626,14.0,18.0,13.5,0.0,7.0,0.0,0.9683052762638592,0.0,0.0,0.060941368322413716,7.03787899017334,0.9005766931291159,0.0,0.1102271487811578,0.03169472373614052,0.015076628295333072,0.0,0.0352434404879684,5.036644231068241,0.07883089735342835,0.8045831676620219,0.0,0.046932504051139204,0
d0ae0ee1-165b-4e5a-9caa-ad8a17688445,6.701380206602756,14.83177570093458,7.4472247090573624,4.672897196261682,8.630841121495328,5.893278829405241,26.82889293573319,18.266355140186917,15.350467289719626,8.906542056074766,7.621495327102804,11.210280373831775,0.5119503304467141,0.8638056570845728,0.030689047942731786,6.154133557657568,0.21021031674911814,4.783046236662107,0.8451283387694578,5.712863755436624,0.31182355169929155,0.06757702235768338,0.10162030352360604,0.025940602353226882,0.12016454706122819,6.731382965004549,0.16176447164937116,0.9266783904207284,6.316513961594181,0.15565194957623896,1
d2952892-cd20-4d2c-826e-b068596ef45a,3.65441096419155,11.702970297029703,4.424358931508395,5.044554455445544,6.811881188118812,3.008484671611597,24.409497903554943,13.029702970297029,16.004950495049506,0.2623762376237624,8.648514851485148,10.366336633663366,0.6827945137054016,0.5708468067180125,0.08406796083840988,6.31489956365248,0.2740060387614829,1.0999941493910137,0.8284686831969573,6.698837492024841,0.4483267978890723,0.17050055042690068,0.07646225591772673,0.04747291877771032,0.25018417015702477,6.1704918476381305,0.2609076999032498,0.8048598871363123,6.047119924990728,0.23287292019511363,0
d30caa3b-06d9-4d36-8412-f99124083b60,7.477978870272636,11.583333333333334,4.741631213575602,10.208333333333334,6.0,3.0012034873167672,19.749277687297354,11.666666666666666,9.916666666666666,2.9583333333333335,7.166666666666667,10.125,0.5453045076808013,0.7374720398718111,0.04731701114606691,7.379062175480545,0.22432966512495675,2.764101351300875,0.7252840379895829,4.703317980106786,0.36113993743376865,0.058008505216035296,0.08240927012190279,0.06708632396140786,0.18805919045448038,6.512475845094773,0.2113866493172835,0.6445746107069565,4.664069929365991,0.1825399511329409,1
d38319c6-eb38-4a14-b362-ba6c34559c28,6.845989085379101,21.214285714285715,9.728322792620887,6.380952380952381,6.095238095238095,6.77944464910598,26.36049599215598,14.166666666666666,17.19047619047619,0.21428571428571427,7.9523809523809526,13.476190476190476,0.6724522394803942,0.7604229962127872,0.06170066168004347,5.998363633010459,0.25416326247142224,1.316839093253726,0.8417724920099601,5.755041906627296,0.4365545608198031,0.12175217572661196,0.06658815261588147,0.041520460324976076,0.2315662213936598,5.633225381996606,0.28068321621976694,0.9004439258413668,6.191714476721935,0.20846788990229817,0
d3d7f59a-bc4e-4de8-9db1-00f0ec11f687,4.91311435516064,9.961538461538462,6.9192301241251135,9.192307692307692,3.6153846153846154,2.9319363924173207,27.514430603741577,18.5,14.538461538461538,1.0,9.576923076923077,12.653846153846153,0.6245170037093456,0.7842056343834576,0.03842104078903723,6.019292289587297,0.16781996688605533,1.7275903958540697,0.8067297351525029,4.973718947822026,0.24682494211918032,0.07435275444397363,0.101355729771821,0.03895033143262705,0.1260499014031481,4.870038206141664,0.12496824855958774,0.8342293512535712,8.845137776179165,0.12761251760116354,0
d45d88b2-c933-4422-ba68-20a78d862371,1.8769881226446317,1.5869565217391304,2.0161730465681655,3.681159420289855,5.586956521739131,2.562677761134894,25.898760620013004,14.398550724637682,10.608695652173912,3.8550724637681157,9.31159420289855,16.36231884057971,0.6122798662859487,0.6756876018352495,0.05386141027178392,5.7265734800279935,0.24565208792518606,2.397307644935622,0.67665528831178,4.946790817796395,0.48092430170031153,0.05234202385733765,0.07923378980187931,0.07873597087889703,0.22307904567122783,6.189053113408685,0.26837066206669424,0.753879652268884,6.6288609862609045,0.300689112016745,1
d7d6f17b-3fb3-43c0-af64-65203eac196f,3.517002832144499,7.125,2.697922980412841,2.75,2.375,2.240247182548046,18.011639833056005,11.40625,9.03125,1.9375,5.8125,6.9375,0.5011962969826175,0.5685299781831865,0.04787484901931711,5.253402910056091,0.20143042406134168,2.157552664168179,0.7833219459982336,5.026049850536702,0.3132980376342427,0.06727052804248462,0.0634933595931794,0.030585910585857298,0.16175026244910495,5.60355194273888,0.16468446791257055,0.5679603020274154,6.841922345925727,0.16693813900432436,0
dacd2d5f-d133-4c09-9dc3-b3dddc9a426d,4.144253958355296,8.227272727272727,2.116433318591479,2.287878787878788,9.621212121212121,3.2937846490831086,24.78868360218521,14.363636363636363,14.287878787878787,6.515151515151516,9.0,12.136363636363637,0.6721312649752504,0.6296515303961375,0.09398260366546092,5.846344055723542,0.4570131621907236,3.936656159885002,0.7789615415116463,5.672915792361068,0.6530622494738187,0.15295171498480833,0.1177041431000462,0.08457148908520576,0.34867040305098096,6.4874046690085825,0.3128308892903463,0.749608756647873,5.89892136855403,0.3092853534783568,1
e0c07194-9e79-4674-868d-b05d480b90a3,3.1625247365898557,4.361111111111111,3.0058402634329267,4.944444444444445,2.888888888888889,2.950513939062754,20.598117152334954,9.694444444444445,12.63888888888889,2.0,6.333333333333333,10.666666666666666,0.5223322160551636,0.658551289070117,0.04569340158414736,6.779660622554619,0.26952153763912534,1.9037504179610147,0.6868132556274094,4.779963020475852,0.49374331430427937,0.07520838203179592,0.026414293965425065,0.03349698294253557,0.23560037783007942,4.78950049887362,0.2483855201871845,0.7355367157585699,4.755738340164346,0.3143483862588701,0
e2e75720-d0a2-4b73-b93f-0d6f97a7acf3,4.461720449345134,7.5514018691588785,3.763012438455475,6.289719626168225,10.738317757009346,4.931479267149328,23.187997948831928,12.514018691588785,11.75233644859813,0.719626168224299,8.037383177570094,12.990654205607477,0.6833260042630648,0.6054861801277872,0.06821704075123002,5.722103000796705,0.26496672889448675,1.4821974507002074,0.7990391917599007,8.176489432311483,0.4219156356353286,0.10304910197080522,0.05182454962630634,0.060731230754286894,0.21618919659353678,6.659439631562977,0.17969355497328782,0.812849510503487,5.3741329563021125,0.26688396937686604,0
e31788d0-7834-477a-a718-fef116c04816,36.81739150856932,33.447916666666664,27.788401561478775,30.677083333333332,32.59375,41.07508917090794,17.392266922523387,9.927083333333334,9.885416666666666,6.9375,0.75,8.916666666666666,0.07957255206601627,0.7596631136028903,0.0030516392208978205,6.4596248748781075,0.11387163879198496,4.425055300816894,0.7191725677774148,5.719867115229141,0.23092038258260214,0.10605017931302729,0.13449451992388523,0.04904799008105202,0.11321756864205468,6.18527684457112,0.11437170896240346,0.910529057956781,5.2005371314764055,0.16169839440458214,0
e9d63346-1c6a-40b9-9fd7-5ddc308b45e6,3.0170869529247284,5.423076923076923,2.855336378018061,3.6153846153846154,2.282051282051282,2.583952689018005,18.679151687646478,9.782051282051283,11.26923076923077,0.5641025641025641,9.294871794871796,9.102564102564102,0.6153826974492745,0.7098464530434881,0.07814806915134265,6.760879202262484,0.18499809728152605,1.3368125347754893,0.7544417710387075,8.226070478762473,0.42435689043056585,0.07206664463235678,0.0592088553002721,0.03528805476788087,0.22990824778057187,4.855779100097654,0.2890376650335165,0.7679301525668232,5.46124125095312,0.23052969688420688,0
ea66cb62-1e80-4a09-a98d-e589925c957c,4.191670654818069,9.36046511627907,3.772622464354648,6.244186046511628,2.1744186046511627,2.053933057414238,19.730455105887273,11.186046511627907,10.593023255813954,2.0290697674418605,7.1686046511627906,9.69186046511628,0.5429922845477809,0.6499199769908832,0.05546456848915893,5.643477584256391,0.3222013150171661,2.043274574371618,0.7486993628361946,9.579265258888475,0.5407245643631203,0.07370657474784718,0.06639861851060497,0.042413091229004156,0.27196695504076884,5.987150181755469,0.29821233866771985,0.7145893773798541,5.221678506998399,0.2943156328056961,1
eb7f61f6-821a-44c6-85bd-150ae55b6c9f,2.8131403028964996,7.0,6.307672800123692,15.1,4.325,2.560238829255104,21.637760765947665,12.875,11.15,0.7,9.075,10.9,0.6365691426053133,0.7493522898604096,0.043384927844792344,5.684781726692163,0.13404729893988704,1.3225324347615242,0.8414235811689925,6.218910915022976,0.2271239783849132,0.04645449522616971,0.0560395000653127,0.01980842317835676,0.11257373392565669,5.626955651149802,0.10878447963332301,0.8114285260953944,6.442050584351171,0.14052951871449818,0
ec5dd8db-c41e-4879-8bfb-c26eacc64f42,5.653413673578682,16.016949152542374,8.537290269035404,15.254237288135593,7.694915254237288,5.332959020541886,17.409669393981076,9.059322033898304,10.05084745762712,2.2288135593220337,5.923728813559322,8.35593220338983,0.5731325594373621,0.683920305549697,0.05509102489259196,5.582501676459495,0.17409259576748437,2.3158904170080765,0.8714256735078595,6.392683961818932,0.3016662661850219,0.0677624056272146,0.05839884251503937,0.02571928223784355,0.16401833843556335,6.495544204976881,0.17574608569930972,0.7285537021110382,5.495523174032521,0.1673465500080497,1
edfab0c7-6bd1-424e-b459-6417c5a726fe,5.902629429643804,17.893939393939394,11.116641793738712,6.893939393939394,3.909090909090909,3.72695433641925,23.15354755975563,18.37878787878788,8.696969696969697,7.9393939393939394,6.136363636363637,10.151515151515152,0.40898585853854186,0.8098253466677897,0.012059061968797765,5.213063041136219,0.1582466226203578,4.063078851410837,0.8753781563016415,4.715573366298478,0.2127591653457316,0.01130978739187189,0.07453974917115483,0.02250693032229145,0.07875617116292631,6.006507144105869,0.10873008493385625,0.9462553816293164,6.446228393614882,0.08960516632912364,1
ef22d62b-28f6-49fb-814a-f0d5b7f15171,2.947519381841024,3.0,1.5800296030938625,0.5,0.375,1.745068073272705,21.768978868069894,17.333333333333332,8.625,2.7083333333333335,8.666666666666666,8.375,0.4613675270632378,0.6750935536751331,0.00932105188115114,5.474270088917179,0.2327167584685699,2.1887818723917007,0.8205814529382902,6.026978345229383,0.3067479691683601,0.010508596950845661,0.032451398124358925,0.02225600115121239,0.11945447163775043,5.480409524862343,0.14742083962817001,0.8902885609140484,5.72665654432128,0.1332500898945793,0
ef5b9927-f533-4936-9524-e53d2406fac7,5.366061260438945,16.794520547945204,5.651922773824979,4.904109589041096,10.082191780821917,4.651803034625641,20.37396668208849,12.472602739726028,10.821917808219178,0.8767123287671232,7.2534246575342465,10.294520547945206,0.746014243956084,0.7716569821895306,0.058191524411385406,5.721794970730311,0.1627537534351016,1.6202559542574295,0.7611599962889466,5.6316106441413005,0.3033521152362181,0.06152080364549807,0.1320485423014325,0.02869382977870015,0.17802720683634166,6.032309297304391,0.12447924306751013,0.7961029815774416,6.266446862393725,0.22122028046461098,1
f11551a6-a9d5-4226-9772-3ae2fa997b14,3.014345594578319,7.527777777777778,5.340667559040917,12.444444444444445,5.444444444444445,3.490413616100947,23.959993688753677,14.708333333333334,11.76388888888889,2.1527777777777777,7.722222222222222,12.847222222222221,0.5923165171684838,0.6743678934258583,0.060699013177739874,5.1911148027440905,0.2101991726251163,2.0830329118503466,0.8063854219206825,4.946746862326899,0.3581786128174218,0.03919040708242747,0.033125121163355566,0.015992255125103015,0.17899821147688355,6.7604443803475585,0.1660057701435182,0.8154418811475019,6.367918556689518,0.23406396968202914,0
f2a19126-3eeb-4588-8290-4c41b8f6582f,19.499406897320466,27.641176470588235,18.645478093624114,28.188235294117646,23.147058823529413,16.4478518464986,19.42515109594759,10.511764705882353,11.558823529411764,4.1647058823529415,4.588235294117647,10.66470588235294,0.6718953870965247,0.7213898717090084,0.05438886759111184,6.078065838334818,0.1819933692785365,3.1260443388539203,0.8239415027977008,6.020669281771595,0.31487417392741335,0.10141813333082411,0.06159385578109353,0.06059887121205807,0.22148957350557322,5.83661139539404,0.17637704712007013,0.8484510935167018,5.745066629914717,0.18008847711554096,1
f690974e-8179-4564-ab89-1302590861c4,5.570287654797236,10.5,11.004624485969543,11.083333333333334,10.5,14.021114269892374,22.471831564992062,8.916666666666666,14.75,2.3333333333333335,5.333333333333333,11.833333333333334,0.47742023207508916,0.598063041854525,0.05139678410831974,5.334104156364631,0.15335204440111144,1.9533100326855977,0.7066538331349568,4.957231354501938,0.32466070328086855,0.17841405169615107,0.09060051461154568,0.021594473969783673,0.15913620416360286,6.655189316807063,0.16604240496960912,0.6932217500125644,5.3151998385023935,0.21594351896354924,1
f87dbecf-5af7-4645-b2f0-fd0a2707f0f9,9.640168832029616,24.564285714285713,21.985341285807745,22.75,3.892857142857143,3.3025838945593153,25.256873683253943,16.02857142857143,12.114285714285714,12.07857142857143,3.307142857142857,14.335714285714285,0.32329482071567844,0.9017462536165538,0.016616038712974363,6.141179600486917,0.24587591303703157,8.58331458568573,0.8059921714945663,5.131766693416795,0.3350497035053474,0.03131369476773162,0.12155320759128532,0.06057331552492255,0.14816473355063656,5.510559122014818,0.1684685159666268,0.8527629703388233,6.052952025137003,0.15078970060975097,0
f8cc1925-9a7f-40d2-bd56-2511350c3315,3.510722569624583,11.866666666666667,5.58327465057373,10.966666666666667,5.733333333333333,4.461819144090017,20.7193454344633,10.5,10.433333333333334,0.06666666666666667,8.866666666666667,12.433333333333334,0.6961621854881418,0.6367506904109372,0.0747116954993759,4.647401761631851,0.2910335127178478,1.083297034104665,0.6837775966787742,5.665027199038721,0.4832916219445606,0.1452231476872706,0.08185037374772562,0.06158786396518347,0.294632623554029,5.185974973688105,0.17882169589102218,0.7985284108080564,5.078016516620515,0.3307237676962591,0
fa735991-ec53-4763-9fa1-2fb499e3efcb,1.9964995461826522,2.4166666666666665,4.902409349878629,4.125,1.6875,1.8475344392160575,25.23902791821793,16.666666666666668,11.895833333333334,6.75,11.354166666666666,11.645833333333334,0.6359324026640246,0.7796066039498434,0.06987860032624246,5.1845376377316015,0.14904289519008385,6.221642419695854,0.7172075511081917,5.58191103138902,0.23739995170355835,0.038616363392086156,0.09628836338913697,0.03671926517804578,0.10946574248003449,4.824843684410019,0.1153403351814788,0.7669501173061537,5.532947297829238,0.13632954954397283,1
fd8938df-cccd-4cbe-b7cf-fa7102147481,3.765463580255923,5.608695652173913,9.959403886743214,14.869565217391305,8.891304347826088,4.903171600207038,22.881097320781603,15.630434782608695,11.652173913043478,0.9347826086956522,8.673913043478262,9.521739130434783,0.7757512960586858,0.6637718590287828,0.04337590017651226,5.109246639436062,0.27294776691517536,1.4728052940057672,0.8845854638326055,6.957413831220287,0.4619519878993927,0.0859745357141459,0.07054328670853995,0.029696163205345096,0.2451280232350114,6.621518066745618,0.202713467561362,0.8797618717106045,5.869826160993908,0.29701056916134144,0
ffab2631-dfe1-4f5e-bd9e-f763e8aede19,5.025395326529231,7.264285714285714,6.201303969536509,9.857142857142858,8.32857142857143,4.76386573101793,19.49475909457541,10.857142857142858,10.207142857142857,2.1357142857142857,5.692857142857143,10.014285714285714,0.46139666920701544,0.8004163097886874,0.025577728181367554,6.529565810775826,0.19604336929985644,2.4177445092371532,0.7154885938350019,6.424665553383862,0.3067543563805372,0.03881896078251923,0.0599461329470084,0.030215685176129808,0.14729545623203918,6.4675913347397485,0.14804930268073663,0.8738812426517231,5.925823920252231,0.17985397200006611,1
